[1,["9eWnTv9jpAhrGsWi6fFHhd@af657","750y9YUBNIspO2vbCDJbyA","92J61bSDFOlJ9hdCU3N7ei","9eWnTv9jpAhrGsWi6fFHhd@49b18","9eWnTv9jpAhrGsWi6fFHhd@438fe"],["node","_effectAsset","root","_parent","data","_mesh","_skeleton","_defaultClip"],[["cc.Node",["_name","_layer","_prefab","_parent","_children","_components","_lrot","_euler","_lpos","_lscale"],1,4,1,2,9,5,5,5,5],["cc.UITransform",["node","__prefab","_contentSize"],3,1,4,5],["cc.Material",["_name","_states","_defines","_props"],0,12],["cc.Skeleton",["_name","_hash","_joints","_bindposes"],0,12],["cc.Mesh",["_native","_hash","_struct"],1,11],["cc.Prefab",["_name"],2],["cc.Node",["_name","_layer","_parent","_children","_prefab","_lpos","_lrot","_euler"],1,1,9,4,5,5,5],["cc.CompPrefabInfo",["fileId"],2],["cc.PrefabInfo",["fileId","instance","targetOverrides","nestedPrefabInstanceRoots","root","asset"],-1,1,1],["cc.SkeletalAnimation",["playOnLoad","node","__prefab","_clips","_defaultClip"],2,1,4,3,6],["cc.SkinnedMeshRenderer",["node","__prefab","_materials","bakeSettings","_skinningRoot","_mesh","_skeleton"],3,1,4,3,4,1,6,6],["cc.ModelBakeSettings",[],3],["cc.UIMeshRenderer",["node","__prefab"],3,1,4]],[[8,0,1,2,3,4,5,5],[0,0,1,3,4,2,8,6,7,3],[7,0,2],[2,0,1,2,3,4],[3,0,1,2,3,4],[4,0,1,2,3],[5,0,2],[0,0,1,4,5,2,6,7,3],[0,0,1,3,4,5,2,6,9,7,3],[0,0,1,3,5,2,3],[0,0,1,3,4,2,8,3],[0,0,1,3,2,8,3],[6,0,1,2,3,4,5,6,7,3],[1,0,1,2,1],[1,0,1,1],[9,0,1,2,3,4,2],[10,0,1,2,3,4,5,6,1],[11,1],[12,0,1,1]],[[[[3,"particleItem11_0",[{"rasterizerState":{},"depthStencilState":{},"blendState":{"targets":[{}]}},{}],[{},{}],[[[{"emissive":0.5},"mainColor",8,[4,4282399436],"diffuseColor",8,[4,4290576543]],{}],11,0]]],0,0,[0],[1],[1]],[[[4,"Skin-0",1668008653,["根对象/关节","根对象/关节/关节_1","根对象/关节/关节_1/关节_2","根对象/关节/关节_1/关节_2/关节_3","根对象/关节/关节_1/关节_2/关节_3/关节_4","根对象/关节/关节_1/关节_2/关节_3/关节_4/关节_5","根对象/关节/关节_1/关节_2/关节_3/关节_4/关节_5/关节_6"],[[[7,0.9999690055847168,-2.2873636703721486e-26,-0.007873771712183952,0,2.1054703723324627e-26,1,-2.310945095574896e-25,0,0.007873771712183952,2.309215764559232e-25,0.9999690055847168,0,-0.008964452892541885,-4.738538560166757e-25,-1.5497746467590332,1],[7,0.9971752762794495,8.74028887459799e-12,-0.07510999590158463,0,6.546698599896317e-11,1,9.855192217855802e-10,0,0.07510999590158463,-9.876526263496999e-10,0.9971752762794495,0,-0.07901598513126373,1.0290320817674115e-9,-1.0389032363891602,1],[7,0.9499498605728149,1.4900567002484877e-8,-0.3124023973941803,0,-1.419635431432198e-8,1,4.5285908356618165e-9,0,0.3124023973941803,1.3304077284281846e-10,0.9499498605728149,0,-0.18883854150772095,-1.4941946291369135e-10,-0.558981716632843,1],[7,0.9966455698013306,1.4898501099480654e-8,-0.08183896541595459,0,-1.4838612116818695e-8,1,1.3399977794037454e-9,0,0.08183896541595459,-1.2112620628723647e-10,0.9966455698013306,0,-0.0203583724796772,-1.1328625537654347e-10,-0.14089855551719666,1],[7,0.979748010635376,1.4898501099480654e-8,0.20023436844348907,0,-1.4596777120345905e-8,1,-2.983192137762103e-9,0,-0.20023436844348907,5.181063964699365e-17,0.979748010635376,0,-0.07470650225877762,-7.091138787274076e-11,0.3417676091194153,1],[7,0.9998949766159058,1.4895372046908051e-8,-0.014491232112050056,0,-1.4896936129105143e-8,1,7.481203415430537e-23,0,0.014491232112050056,2.1587495679931124e-10,0.9998949766159058,0,0.007959443144500256,1.185756909327651e-10,0.8776711821556091,1],[7,0.9998949766159058,1.4895372046908051e-8,-0.014491232112050056,0,-1.4896936129105143e-8,1,-6.217248937900877e-15,0,0.014491232112050056,2.1588117404824914e-10,0.9998949766159058,0,0.007959443144500256,1.1858143633691753e-10,1.429613471031189,1]],8,8,8,8,8,8,8]]],0,0,[],[],[]],[[[5,".bin",1869502830,[{"primitives":[{"primitiveMode":7,"jointMapIndex":0,"vertexBundelIndices":[0],"indexView":{"offset":191088,"length":7500,"count":3750,"stride":2}}],"vertexBundles":[{"view":{"offset":0,"length":191088,"count":2654,"stride":72},"attributes":[{"name":"a_position","format":32,"isNormalized":false},{"name":"a_normal","format":32,"isNormalized":false},{"name":"a_texCoord","format":21,"isNormalized":false},{"name":"a_tangent","format":44,"isNormalized":false},{"name":"a_joints","format":42,"isNormalized":false},{"name":"a_weights","format":44,"isNormalized":false}]}],"jointMaps":[[0,1,2,3,4,5]]},"minPosition",8,[1,-0.4338948130607605,-0.21986141800880432,-1.9162331819534302],"maxPosition",8,[1,0.4338948130607605,0.21986141800880432,1.9162331819534302]]],-1],0,0,[],[],[]],[[[6,"particleItem8"],[7,"particleItem8",8388608,[-3],[[13,-2,[2,"60yPJE6fFBjLi1RvqxcIFK"],[5,0,0]]],[0,"727IJfsapLUad8Obe5a6/5",null,null,null,-1,0],[3,0,-0.13068192640375514,0,-0.9914243461361051],[1,0,-344.982,0]],[8,"PI11",8388608,1,[-5,-6],[[15,true,-4,[2,"a102hEDapVpqUNrx3zDVK+"],[3],4]],[0,"f6KFVLYZBO5Yb+gB407ilI",null,null,null,1,0],[3,-0.17074079683735938,0.8546949905255025,0.36974595416563805,-0.321919217885632],[1,100,100,100],[1,-38,210,-32]],[9,"1",8388608,2,[[16,-7,[2,"dcHGkqy/1Ui73LXcXwHe+7"],[0],[17],2,1,2],[14,-8,[2,"19RTRK8u1Mw46N3Bwc2ljW"]],[18,-9,[2,"54J0x/XslJ0ZAyhOP3eGAG"]]],[0,"1bWLcBeqZCFJTv9ggzwoF5",null,null,null,1,0]],[10,"根对象",8388608,2,[-10],[0,"5av/oIBHtEX4cdI0HUczNc",null,null,null,1,0],[1,-0.00323839602060616,0,1.5497971773147583]],[1,"关节",8388608,4,[-11],[0,"dfBJv1sypC55+CVkANmrWn",null,null,null,1,0],[1,0.04974553734064102,0,0.00039169713272713125],[3,0,-0.0039369161198218785,0,0.999992250315704],[1,0,-0.4511385213199347,0]],[1,"关节_1",8388608,5,[-12],[0,"9danuvBlFLer/t0oxKzV60",null,null,null,1,0],[1,-5.329070399086743e-17,0,-0.50790935754776],[3,0,-0.00048773674656558426,0,0.9999998810564261],[1,0,-0.05589051639923894,0]],[1,"关节_2",8388608,6,[-13],[0,"7cI2+L6PpDg5xRn9vPnY7M",null,null,null,1,0],[1,-0.03002091869711876,4.473465486931616e-10,-0.4519253969192505],[3,2.943264932862364e-13,-0.000039503829581107095,-7.450580591110317e-9,0.9999999992197237],[1,3.1060104311167164e-18,-0.00452680542038037,-8.537736462515941e-7]],[1,"关节_3",8388608,7,[-14],[0,"edPZu2ebhG8b7RKBh9m3fI",null,null,null,1,0],[1,-0.14211292564868927,1.4269064283757196e-20,-0.44549959897994995],[3,-1.2708305065141802e-10,0.008529014767084403,1.0839326247857214e-12,0.9999636272920644],[1,-1.4563174602027394e-8,0.9773649489493946,-1.8828701021797204e-18]],[1,"关节_4",8388608,8,[-15],[0,"adn0GMaypD2oHjuvhaOGIa",null,null,null,1,0],[1,-0.044454749673604965,-4.325460566031178e-15,-0.4922746419906616],[3,6.056261188375413e-11,-0.004064940010208958,2.46185401984964e-13,0.9999917380972271],[1,6.94002145223087e-9,-0.46580909594153846,-1.849956959601649e-18]],[12,"关节_5",8388608,9,[[11,"关节_6",8388608,-16,[0,"14LRtfmoNAXI8/Xvk2/BB3",null,null,null,1,0],[1,-8.881783998477905e-18,3.150392510612495e-15,-0.5519423484802246]]],[0,"38v8PAxfFA7ZtQJnhDFIbg",null,null,null,1,0],[1,0.1075679138302803,5.8233514808188786e-24,-0.5263304710388184],[3,1.0794592725728523e-10,-0.007245805863577741,7.821757909919584e-13,0.9999737488041311],[1,1.2370016822692775e-8,-0.8303154559122361,2.8959454482536742e-18]]],0,[0,2,1,0,0,1,0,-1,2,0,0,2,0,-1,4,0,-2,3,0,0,3,0,0,3,0,0,3,0,-1,5,0,-1,6,0,-1,7,0,-1,8,0,-1,9,0,-1,10,0,3,10,0,4,1,16],[0,0,0,0,0],[-1,5,6,-1,7],[2,3,4,0,0]]]]
