[1,["a51TfCaKBLtIUFa1/tvAzi@af657","4bOKxZ1wpKJYeLsy+61vKr","a51TfCaKBLtIUFa1/tvAzi@6da21","a51TfCaKBLtIUFa1/tvAzi@438fe","35Ee4uwkdGz7aYJGKuIrRj@6c48a","750y9YUBNIspO2vbCDJbyA"],["_parent","node","root","data","_mesh","_skeleton","_defaultClip","mainTexture","_effectAsset"],[["cc.Node",["_name","_layer","_prefab","_lpos","_parent","_children","_lrot","_euler","_components","_lscale"],1,4,5,1,2,5,5,9,5],["cc.UITransform",["node","__prefab","_contentSize"],3,1,4,5],["cc.Prefab",["_name"],2],["cc.Node",["_name","_layer","_children","_prefab","_lpos","_lrot","_euler"],1,12,4,5,5,5],["cc.Node",["_name","_layer","_parent","_children","_prefab","_lpos","_lrot","_euler"],1,1,9,4,5,5,5],["cc.CompPrefabInfo",["fileId"],2],["cc.PrefabInfo",["fileId","instance","targetOverrides","nestedPrefabInstanceRoots","root","asset"],-1,1,1],["cc.SkeletalAnimation",["playOnLoad","node","__prefab","_clips","_defaultClip"],2,1,4,3,6],["cc.SkinnedMeshRenderer",["node","__prefab","_materials","bakeSettings","_skinningRoot","_mesh","_skeleton"],3,1,4,3,4,1,6,6],["cc.ModelBakeSettings",[],3],["cc.UIMeshRenderer",["node","__prefab"],3,1,4],["cc.Material",["_name","_states","_defines","_props"],0,12],["cc.Skeleton",["_name","_hash","_joints","_bindposes"],0,12],["cc.Mesh",["_native","_hash","_struct"],1,11]],[[6,0,1,2,3,4,5,5],[0,0,1,4,2,3,3],[4,0,1,2,3,4,5,6,7,3],[5,0,2],[0,0,1,4,2,3,6,7,3],[0,0,1,4,5,2,3,6,7,3],[2,0,2],[0,0,1,5,8,2,6,7,3],[0,0,1,5,2,3,3],[0,0,1,4,5,8,2,3,6,9,7,3],[0,0,1,4,8,2,3,9,3],[3,0,1,2,3,4,5,6,3],[1,0,1,2,1],[1,0,1,1],[7,0,1,2,3,4,2],[8,0,1,2,3,4,5,6,1],[9,1],[10,0,1,1],[11,0,1,2,3,4],[12,0,1,2,3,4],[13,0,1,2,3]],[[[[6,"particleItem7"],[7,"particleItem7",8388608,[-3],[[12,-2,[3,"60yPJE6fFBjLi1RvqxcIFK"],[5,0,0]]],[0,"556llQZcxMK74r0WjfRbIH",null,null,null,-1,0],[3,0,-0.13068192640375514,0,-0.9914243461361051],[1,0,-344.982,0]],[11,"身体",8388608,[[-4,[4,"左后_2",8388608,-5,[0,"b4D8FBDZxIBKMQc/XgpLc9",null,null,null,1,0],[1,-0.4943617284297943,-0.07274163514375687,-0.059435781091451645],[3,0.11957384119429043,0.8325573954163011,0.5353855588538324,0.07689332357518007],[1,-65.48701616516975,-179.99999969053277,16.34612671135357]],[4,"右后_2",8388608,-6,[0,"7esg2YvmZAYbNFu78EJ36H",null,null,null,1,0],[1,0.4699745774269104,-0.07274163514375687,-0.059435781091451645],[3,-0.018128066824028274,0.8409049311032019,0.5221766109297566,-0.14100303910716339],[1,-62.525601698295475,-167.1888043655787,-10.238436390718903]],[4,"左前_2",8388608,-7,[0,"c9KhfSHgxHgI+l8GBsTpIT",null,null,null,1,0],[1,-0.4943617284297943,-0.03125721216201782,-1.4170863628387451],[3,0.10178390755525465,0.792259861464521,0.5967302839384537,0.07666365700730751],[1,-73.97413300652767,-179.99999978967352,14.641704041484521]],[4,"右前_2",8388608,-8,[0,"2cfXjHyDtKzZT1SU5z9w7C",null,null,null,1,0],[1,0.4699745774269104,-0.03125721216201782,-1.4170863628387451],[3,-0.044525857769002745,0.7975293949919725,0.5896690455307065,-0.1193931692207651],[1,-72.08559218080065,-171.88671883078086,-12.2293980177239]],-9],1,4,4,4,4,1],[0,"601Oe/2e9F7Ktk85S7llRP",null,null,null,1,0],[1,0,0.6676669120788574,0],[3,-6.123234262925839e-17,1,-6.123234262925839e-17,-6.123234262925839e-17],[1,7.0167096047110005e-15,-180,-7.0167096047110005e-15]],[8,"蜥蜴骨骼",8388608,[-10,-11,-12,-13,2],[0,"e2iKSWBDhOKK0MlQ/HiUOd",null,null,null,1,0],[1,-0.012193573638796806,0,-0.10446954518556595]],[9,"PI10",8388608,1,[3,-15],[[14,true,-14,[3,"83vY9uKG1cGqCk/1V9buy+"],[3],4]],[0,"2fWtD1EZdBXYuSr15I1MTz",null,null,null,1,0],[1,0,-31.639,0],[3,-0.17074079683735938,0.8546949905255025,0.36974595416563805,-0.321919217885632],[1,80,80,80],[1,-38,210,-32]],[10,"蜥蜴",8388608,4,[[15,-16,[3,"ebFfmFVKNeCqjE078Q3CXz"],[0],[16],4,1,2],[13,-17,[3,"59vMTZDKJDdrxis83mmKMz"]],[17,-18,[3,"f3TdbhTJ1DMI7Z63euIR3F"]]],[0,"5aqNlF1g9CabtHmTsemiW/",null,null,null,1,0],[1,-2.4868995857482625e-16,0.6045680046081543,-0.000190083053894341],[1,100,100,100]],[2,"左后",8388608,3,[[1,"关节_2",8388608,-19,[0,"e4ckJS3cNM7qoRAc17NnAs",null,null,null,1,0],[1,-1.8399646389832824e-11,3.552713599391162e-17,-0.25454646348953247]]],[0,"a4mFgkruxOmLFiY+9hzZbq",null,null,null,1,0],[1,0.578461229801178,0.308184415102005,-0.07682588696479797],[3,-0.7836559980737599,-0.11255050407229074,0.08684969659983323,0.6047088480554998],[1,-104.68878917909502,6.836419585240821e-10,16.346126327812563]],[2,"左前",8388608,3,[[1,"关节_2_2",8388608,-20,[0,"08s5F4j/RPG63cf7ufPt7V",null,null,null,1,0],[1,2.1316281596346973e-16,-5.684341759025859e-16,-0.2768838405609131]]],[0,"04OayhiG5A7o8yIS4WCfks",null,null,null,1,0],[1,0.5755587220191956,0.325617253780365,1.3248199224472046],[3,0.8815934603687781,0.11326084961191164,-0.05838886612411492,-0.45448398309833976],[1,-125.45547318301105,5.597891951625601e-8,14.641703859751463]],[2,"右前",8388608,3,[[1,"关节_2_3",8388608,-21,[0,"c24/8cNn9CBpfXVU7fu4vA",null,null,null,1,0],[1,-4.2632563192693945e-16,2.8421708795129297e-16,-0.2768838405609131]]],[0,"54ZTIbghFNsqcww41QYRs0",null,null,null,1,0],[1,-0.5511715412139893,0.325617253780365,1.3248199224472046],[3,0.8886115656633251,0.020113129407854268,0.1258282229361645,-0.4406043641494306],[1,-127.7819637782273,-14.006551225755064,-4.309002649714507]],[2,"右后",8388608,3,[[1,"关节_2_4",8388608,-22,[0,"d8uyOywQ9O6pBgStVooow1",null,null,null,1,0],[1,1.8197141710141196e-11,2.721778314881962e-12,-0.25454646348953247]]],[0,"ceMjEuR/lM7JLezqsvSc56",null,null,null,1,0],[1,-0.5540741086006165,0.308184415102005,-0.07682588696479797],[3,-0.7898451207040115,0.054120306728534386,-0.13145904438024514,0.5966022103129586],[1,-106.91466647740845,-8.481188900539854,-14.025330086319908]],[2,"头",8388608,2,[[1,"关节_2_5",8388608,-23,[0,"79W2PVVQJGJIkGxtb7WDtl",null,null,null,1,0],[1,-4.884981281880909e-17,-9.94759834299305e-16,-1.0902239084243774]]],[0,"27XedUc5RKE7u52+CIfwp4",null,null,null,1,0],[1,8.881783998477905e-18,-1.4210854397564648e-16,-1.6012446880340576],[3,-0.04517499359375227,0.0026014817423960714,0.0001176424194043496,0.9989756946026314],[1,-5.178452876611806,0.29841284062563517,-3.90506467800253e-10]],[5,"尾巴",8388608,2,[-24],[0,"841F/jqqRCcZUOseih7i6A",null,null,null,1,0],[1,8.88844526409846e-15,0,0.011356344446539879],[3,-0.00041739375291707304,0.9976070625285445,0.06887250464063704,0.006045881254961313],[1,-7.898605658878037,179.30553972319188,3.3258707150677976e-9]],[5,"关节_1",8388608,11,[-25],[0,"f2o1e+7cJH8ZWXJQyvNWuf",null,null,null,1,0],[1,8.881783998477905e-18,-2.8421708795129297e-16,-0.9369672536849976],[3,-0.02127190725037305,0.0028339028967628056,0.00006029640410369652,0.9997697091433841],[1,-2.4377746793548187,0.32481528332621806,-1.356027554950477e-10]],[2,"关节_2_6",8388608,12,[[1,"关节_3",8388608,-26,[0,"6a3PriWJhLfLtMTwDNC6p9",null,null,null,1,0],[1,-8.881783998477905e-18,9.94759834299305e-16,-0.9085785746574402]]],[0,"cbalJXJIdGDZVxY3JjTV1q",null,null,null,1,0],[1,-3.7747583234302016e-17,7.434991511345856e-11,-0.8801350593566895],[3,-0.04237493007012267,0.009466782874215327,0.00040153296453171466,0.9990568472788939],[1,-4.8574818766824315,1.085805022005402,-5.340317978696978e-10]]],0,[0,2,1,0,1,1,0,-1,4,0,-1,10,0,0,2,0,0,2,0,0,2,0,0,2,0,-6,11,0,-1,6,0,-2,7,0,-3,8,0,-4,9,0,1,4,0,-2,5,0,1,5,0,1,5,0,1,5,0,0,6,0,0,7,0,0,8,0,0,9,0,0,10,0,-1,12,0,-1,13,0,0,13,0,3,1,2,0,3,3,0,4,26],[0,0,0,0,0],[-1,4,5,-1,6],[1,2,3,0,0]],[[[18,"particleItem10_0",[{"rasterizerState":{},"depthStencilState":{},"blendState":{"targets":[{}]}},{}],[{"USE_TEXTURE":true},{}],[[[{"specularGloss":5},"mainTexture",6,0],{}],11,0]]],0,0,[0,0],[7,8],[4,5]],[[[19,"Skin-0",3712223292,["蜥蜴骨骼/身体","蜥蜴骨骼/身体/头","蜥蜴骨骼/身体/左后_2","蜥蜴骨骼/左后","蜥蜴骨骼/左后/关节_2","蜥蜴骨骼/身体/右后_2","蜥蜴骨骼/右后","蜥蜴骨骼/右后/关节_2_4","蜥蜴骨骼/身体/左前_2","蜥蜴骨骼/左前","蜥蜴骨骼/左前/关节_2_2","蜥蜴骨骼/身体/右前_2","蜥蜴骨骼/右前","蜥蜴骨骼/右前/关节_2_3","蜥蜴骨骼/身体/尾巴","蜥蜴骨骼/身体/尾巴/关节_1","蜥蜴骨骼/身体/尾巴/关节_1/关节_2_6","蜥蜴骨骼/身体/尾巴/关节_1/关节_2_6/关节_3"],[[[7,-1,1.233320469965052e-16,1.167383851930531e-16,0,1.233320469965052e-16,1,-6.695352740981406e-17,0,-1.167383851930531e-16,-6.695352740981406e-17,-1,0,-0.012193573638796806,-0.06309892237186432,-0.10427945852279663,1],[7,-0.9999864101409912,0.00047008765977807343,-0.005187004804611206,0,1.2311114345083923e-16,0.9959183931350708,0.09025805443525314,0,0.005208262708038092,0.09025683254003525,-0.9959049224853516,0,-0.019989997148513794,-0.19794698059558868,1.4850765466690063,1],[7,0.9595790505409241,-0.11676902323961258,-0.25607243180274963,0,0.28143933415412903,0.39812883734703064,0.8730895519256592,0,6.129912323621551e-16,-0.9098672866821289,0.41489946842193604,0,-0.4599646031856537,0.0193395484238863,0.1504945307970047,1],[7,0.9595790505409241,0.07136418670415878,-0.27224114537239075,0,0.28143933415412903,-0.24331915378570557,0.9282174706459045,0,4.313957064514077e-16,-0.9673174023628235,-0.2535686492919922,0,-0.4599646031856537,-0.2877133786678314,0.38334715366363525,1],[7,0.9595790505409241,0.07136418670415878,-0.27224114537239075,0,0.28143933415412903,-0.24331915378570557,0.9282174706459045,0,1.832978387128481e-11,-0.9673174023628235,-0.2535686492919922,0,-0.4599646031856537,-0.2877133786678314,0.6378936171531677,1],[7,0.9595790505409241,-0.11676902323961258,0.25607243180274963,0,-0.17774493992328644,0.4540059268474579,0.8730895519256592,0,-0.2182082086801529,-0.8833140134811401,0.41489946842193604,0,0.45117923617362976,-0.09153550863265991,0.1504945307970047,1],[7,0.9595790505409241,0.07136418670415878,0.27224114537239075,0,-0.24235083162784576,-0.2822735905647278,0.9282174706459045,0,0.1430879682302475,-0.9566758871078491,-0.2535686492919922,0,0.49746379256248474,-0.216509148478508,0.38334715366363525,1],[7,0.9595790505409241,0.07136418670415878,0.27224114537239075,0,-0.24235083162784576,-0.2822735905647278,0.9282174706459045,0,0.1430879682302475,-0.9566758871078491,-0.2535686492919922,0,0.49746379256248474,-0.216509148478508,0.6378936171531677,1],[7,0.9675254225730896,-0.06978355348110199,-0.24295015633106232,0,0.2527736723423004,0.2671060264110565,0.9299246668815613,0,-4.572083737744924e-16,-0.9611371755599976,0.27607131004333496,0,-0.47455868124961853,1.2869298458099365,-0.27489590644836426,1],[7,0.9675254225730896,0.14662644267082214,-0.20590096712112427,0,0.2527736723423004,-0.5612325668334961,0.7881138324737549,0,-3.7409562163554877e-16,-0.8145665526390076,-0.5800701379776001,0,-0.47455868124961853,0.7550508975982666,1.0438413619995117,1],[7,0.9675254225730896,0.14662644267082214,-0.20590096712112427,0,0.2527736723423004,-0.5612325668334961,0.7881138324737549,0,-5.130274744216364e-16,-0.8145665526390076,-0.5800701379776001,0,-0.47455868124961853,0.7550508975982666,1.3207252025604248,1],[7,0.9675254225730896,-0.06978355348110199,0.24295015633106232,0,-0.21182627975940704,0.30061566829681396,0.9299246668815613,0,-0.1379280686378479,-0.9511889815330505,0.27607131004333496,0,0.6543277502059937,1.2055079936981201,-0.27489590644836426,1],[7,0.9675254225730896,0.14662644267082214,0.20590096712112427,0,-0.07513540983200073,-0.6109265089035034,0.7881138324737549,0,0.24134869873523712,-0.7779906392097473,-0.5800701379776001,0,0.22953517735004425,0.861754834651947,1.0438413619995117,1],[7,0.9675254225730896,0.14662644267082214,0.20590096712112427,0,-0.07513540983200073,-0.6109265089035034,0.7881138324737549,0,0.24134869873523712,-0.7779906392097473,-0.5800701379776001,0,0.22953517735004425,0.861754834651947,1.3207252025604248,1],[7,0.9999265670776367,0.001665579853579402,-0.012005333788692951,0,-1.1064301699060294e-18,0.9905127882957458,0.1374204307794571,0,0.012120321393013,-0.13741034269332886,0.9904400706291199,0,0.013594221323728561,-0.07836954295635223,0.10571286082267761,1],[7,0.9999785423278809,0.0019335912074893713,-0.006259913090616465,0,-0.0007790454546920955,0.9837713837623596,0.1794246882200241,0,0.006505257450044155,-0.1794159710407257,0.9837517738342285,0,0.007682981435209513,-0.12265091389417648,1.0384633541107178,1],[7,0.9999176263809204,0.0008520426345057786,0.012808694504201412,0,-0.004178956616669893,0.9650488495826721,0.2620368003845215,0,-0.01213774923235178,-0.2620687186717987,0.9649728536605835,0,-0.02867533639073372,-0.28465574979782104,1.9011236429214478,1],[7,0.9999176263809204,0.0008520426345057786,0.012808694504201412,0,-0.004178956616669893,0.9650488495826721,0.2620368003845215,0,-0.01213774923235178,-0.2620687186717987,0.9649728536605835,0,-0.02867533639073372,-0.28465574979782104,2.809702157974243,1]],8,8,8,8,8,8,8,8,8,8,8,8,8,8,8,8,8,8]]],0,0,[],[],[]],[[[20,".bin",412230767,[{"primitives":[{"primitiveMode":7,"jointMapIndex":0,"vertexBundelIndices":[0],"indexView":{"offset":102384,"length":4044,"count":2022,"stride":2}}],"vertexBundles":[{"view":{"offset":0,"length":102384,"count":1422,"stride":72},"attributes":[{"name":"a_position","format":32,"isNormalized":false},{"name":"a_normal","format":32,"isNormalized":false},{"name":"a_texCoord","format":21,"isNormalized":false},{"name":"a_tangent","format":44,"isNormalized":false},{"name":"a_joints","format":42,"isNormalized":false},{"name":"a_weights","format":44,"isNormalized":false}]}],"jointMaps":[[0,1,2,3,5,6,8,9,11,12,14,15,16]]},"minPosition",8,[1,-0.8336973786354065,-0.5904737114906311,-2.8730084896087646],"maxPosition",8,[1,0.8336973786354065,0.5904737114906311,2.7328426837921143]]],-1],0,0,[],[],[]]]]
