[1,["750y9YUBNIspO2vbCDJbyA","86IpAJ4L1B4o0lmfhfY+N+@af657","a4DQq0oT1IsYNY4ClHQSu9","76krJF9aJFV556wctmByec","86IpAJ4L1B4o0lmfhfY+N+@55d6f","86IpAJ4L1B4o0lmfhfY+N+@30732","2fMm2xtf5Dyq0pbzlGbrmZ","86IpAJ4L1B4o0lmfhfY+N+@b2dc3","86IpAJ4L1B4o0lmfhfY+N+@f1394","eaLqQ4CKdIgaYYBBFt7skL@6c48a"],["_parent","node","_effectAsset","_mesh","_skeleton","_defaultClip","root","data","mainTexture"],[["cc.Node",["_name","_layer","_prefab","_lpos","_children","_parent","_components","_lrot","_euler","_lscale"],1,4,5,2,1,9,5,5,5],["cc.Material",["_name","_states","_defines","_techIdx","_props"],-1,12],["cc.UITransform",["node","__prefab","_contentSize"],3,1,4,5],["cc.Prefab",["_name"],2],["cc.Node",["_name","_layer","_parent","_children","_prefab","_lpos","_lrot","_euler"],1,1,9,4,5,5,5],["cc.CompPrefabInfo",["fileId"],2],["cc.Animation",["playOnLoad","node","__prefab","_clips","_defaultClip"],2,1,4,3,6],["cc.PrefabInfo",["fileId","instance","targetOverrides","nestedPrefabInstanceRoots","root","asset"],-1,1,1],["cc.SkeletalAnimation",["playOnLoad","node","__prefab","_clips","_defaultClip"],2,1,4,3,6],["cc.SkinnedMeshRenderer",["node","__prefab","_materials","bakeSettings","_skinningRoot","_mesh","_skeleton"],3,1,4,3,4,1,6,6],["cc.ModelBakeSettings",[],3],["cc.UIMeshRenderer",["node","__prefab"],3,1,4],["cc.Skeleton",["_name","_hash","_joints","_bindposes"],0,12],["cc.Mesh",["_native","_hash","_struct"],1,11]],[[7,0,1,2,3,4,5,5],[0,0,1,5,4,2,3,7,8,3],[0,0,1,5,2,3,3],[4,0,1,2,3,4,5,6,7,3],[5,0,2],[0,0,1,5,6,2,3,3],[2,0,1,1],[9,0,1,2,3,4,5,6,1],[10,1],[11,0,1,1],[12,0,1,2,3,4],[13,0,1,2,3],[1,0,3,1,2,4,5],[1,0,1,2,4,4],[3,0,2],[0,0,1,4,6,2,7,8,3],[0,0,1,4,2,3,7,8,3],[0,0,1,5,4,6,2,3,9,3],[2,0,1,2,1],[6,0,1,2,3,4,2],[8,0,1,2,3,4,2]],[[[[12,"particleItem6_0",1,[{"rasterizerState":{},"depthStencilState":{},"blendState":{"targets":[{}]}},{}],[{},{}],[[[{},"mainColor",8,[4,2330075541]],{}],11,0]]],0,0,[0],[2],[0]],[[[14,"particleItem3"],[15,"particleItem3",8388608,[-4],[[18,-2,[4,"60yPJE6fFBjLi1RvqxcIFK"],[5,0,0]],[19,true,-3,[4,"77WqbVeBpEh6FWJzaru18+"],[8],9]],[0,"eeeqgBKPlIXYU/0BiI43mC",null,null,null,-1,0],[3,0,-0.13068192640375514,0,-0.9914243461361051],[1,0,-344.982,0]],[16,"克隆",8388608,[-5,-6,-7,-8,-9,-10,-11,-12],[0,"84RGg4T4dGD7ejOd1JuDb/",null,null,null,1,0],[1,2.5370086404289794e-18,-0.002220204332843423,-0.7429383397102356],[3,0.5012422231628515,-0.49875468290409275,-0.5012422231628515,0.49875468290409275],[1,180,89.99999999999872,-89.71494858963058]],[17,"PI6",8388608,1,[-14,-15,-16],[[20,true,-13,[4,"6eS5LeF2lU45dBLuVcrYwe"],[6],7]],[0,"d4ECl4NNRMm5l8uMA2Y0CI",null,null,null,1,0],[1,10.972,31.62,2.944],[1,100,100,100]],[5,"外",8388608,3,[[7,-17,[4,"e9cV9NGcRaYp2DF7xBW9V7"],[0],[8],3,1,2],[6,-18,[4,"a8WGfTmv5FDLGh68e5NEk/"]],[9,-19,[4,"98syyW7aVCA6RrPPyEE2HG"]]],[0,"6cWSXCwI5CFJIRVGotRibE",null,null,null,1,0],[1,-0.2738070487976074,-0.5803293585777283,0]],[5,"外_1",8388608,3,[[7,-20,[4,"e8eyFuwr9ZFadmnNPQ0p7l"],[3],[8],3,4,5],[6,-21,[4,"6cH/zCLfVHEaFnyZvo+Ab9"]],[9,-22,[4,"23Xxs+mgBM4qcvgAnzFof9"]]],[0,"f2GnzD2vFJPrd4YFai4J3X",null,null,null,1,0],[1,-0.2738070487976074,-0.5803293585777283,0]],[1,"关节",8388608,3,[2,-23],[0,"d8yTxqmvVC2L1KnP3GPqaL",null,null,null,1,0],[1,-0.005916341673582792,0.742918074131012,0],[3,0.5012422231628515,-0.49875468290409275,-0.5012422231628515,-0.49875468290409275],[1,-90.28505141036824,90,0]],[1,"关节_0",8388608,2,[-24],[0,"82iXj3vRxOfZsyZFdFpNt2",null,null,null,1,0],[1,4.035519525553e-19,3.046347708227436e-17,-0.5],[3,-0.6560590172095007,6.923956675072461e-32,5.186407366301075e-32,0.7547095904638446],[1,-81.99999821122728,9.88714973562475e-30,-7.199705514951073e-31]],[3,"关节_1",8388608,7,[[2,"关节_2",8388608,-25,[0,"adZhJrYqVDRogix6DRArfB",null,null,null,1,0],[1,0.02682703174650669,-4.973799171496525e-16,-0.4551859498023987]]],[0,"f4dWwHg3dOpa/78JUEn63Z",null,null,null,1,0],[1,0.021142704412341118,-2.1316281596346973e-16,-0.50555020570755],[3,0.14651421981727875,-2.3707186039023437e-32,-3.386992082649394e-32,0.9892085641518346],[1,16.849948298640054,-2.1186749050873182e-30,-4.237350124399695e-30]],[1,"关节_1_2",8388608,2,[-26],[0,"6bsTIvwLVId5w9P+CZ7NRi",null,null,null,1,0],[1,0.3535533845424652,5.680668150663838e-17,-0.3535533845424652],[3,-0.6061195109038912,-0.2888148414583622,-0.25106292855010726,0.6972607344192362],[1,-82.00000070247148,-44.99999956764001,-0.0000013177759554132841]],[3,"关节_1_3",8388608,9,[[2,"关节_2_2",8388608,-27,[0,"78dtvlhbtB3YEIOg1Owb/N",null,null,null,1,0],[1,0.02682703174650669,-7.10542746348012e-16,-0.4551859498023987]]],[0,"53erahUahGsY2cdSaTveX+",null,null,null,1,0],[1,0.021142704412341118,-4.973799171496525e-16,-0.50555020570755],[3,0.14651421981727875,1.6525453733144905e-17,-3.050599370590449e-17,0.9892085641518346],[1,16.849948298640054,2.385416070131951e-15,-3.1805547565640172e-15]],[1,"关节_2_3",8388608,2,[-28],[0,"0axqgzJ4VNi5hOdqCEuJqS",null,null,null,1,0],[1,0.5,4.9873299934333204e-17,-3.0616168005906746e-17],[3,-0.46390380061047826,-0.5336602512639982,-0.46390380061047826,0.5336602512639982],[1,-82.00000265244971,-90.00000000000001,0]],[3,"关节_1_4",8388608,11,[[2,"关节_2_4",8388608,-29,[0,"4acLnBXXJIg7AaEMIr4sl7",null,null,null,1,0],[1,0.02682703174650669,-2.1316281596346973e-16,-0.4551859498023987]]],[0,"1e/QWik21AkYtZy+C6mgQp",null,null,null,1,0],[1,0.021142704412341118,-7.105427198782324e-17,-0.50555020570755],[3,0.14651421981727875,3.009368388143147e-17,9.724259033971089e-17,0.9892085641518346],[1,16.849948298640054,1.778633750396395e-15,1.1528180790496836e-14]],[1,"关节_3",8388608,2,[-30],[0,"ddpQkVbyxPLbelrnr5DTaR",null,null,null,1,0],[1,0.3535533845424652,1.3724818124315638e-17,0.3535533845424652],[3,0.25106292855010726,0.6972607344192362,0.6061195109038912,-0.2888148414583622],[1,-82.00000070247148,-135.00000043236,0.0000013177759554132841]],[3,"关节_1_5",8388608,13,[[2,"关节_2_5",8388608,-31,[0,"32ghdyHFVD1qZt88eelnFX",null,null,null,1,0],[1,0.02682703174650669,-7.460698492546991e-16,-0.4551859498023987]]],[0,"9dbY2dEmtCd67EL1Wvva7D",null,null,null,1,0],[1,0.021142704412341118,-2.8421708795129297e-16,-0.50555020570755],[3,0.14651421981727875,-2.7196945396412467e-17,-1.3626361753882543e-16,0.9892085641518346],[1,16.849948298640054,-7.951386460510087e-16,-1.590277324800554e-14]],[1,"关节_4",8388608,2,[-32],[0,"9foazNiPxN8bOOYgAHR91R",null,null,null,1,0],[1,6.065871603551002e-17,-3.046347708227436e-17,0.5],[3,-3.7773338444128336e-16,0.7547095904638446,0.6560590172095007,3.4119897460136777e-16],[1,-81.99999821122728,179.99999999999994,-7.016709753345624e-15]],[3,"关节_1_6",8388608,15,[[2,"关节_2_6",8388608,-33,[0,"99StyCvvFMu7NAghTFA2Da",null,null,null,1,0],[1,0.02682703174650669,-3.197442437975393e-16,-0.4551859498023987]]],[0,"49XW852U9Mn5Y5aha/ZCFE",null,null,null,1,0],[1,0.021142704412341118,1.4210854397564648e-16,-0.50555020570755],[3,0.14651421981727875,1.1802091041012716e-16,-3.27490626478744e-17,0.9892085641518346],[1,16.849948298640054,1.3928088187533521e-14,-1.7307807808869115e-15]],[1,"关节_5",8388608,2,[-34],[0,"46b3z7Ti5Dy5dHE7pKP8Jg",null,null,null,1,0],[1,-0.3535533845424652,-5.680668150663838e-17,0.3535533845424652],[3,-0.25106292855010726,0.6972607344192362,0.6061195109038912,0.2888148414583622],[1,-82.00000070247148,135.00000043236,-0.0000013177759554132841]],[3,"关节_1_7",8388608,17,[[2,"关节_2_7",8388608,-35,[0,"f6euOMv9RM/bSJUtS0Vhi7",null,null,null,1,0],[1,0.02682703174650669,-3.9079850255047273e-16,-0.4551859498023987]]],[0,"92hBcTOjFJE7lLP6+h0i6i",null,null,null,1,0],[1,0.021142704412341118,-5.684341759025859e-16,-0.50555020570755],[3,0.14651421981727875,-1.2199759934300368e-17,-8.236815599710944e-17,0.9892085641518346],[1,16.849948298640054,-1.0243361773988855e-22,-9.541663676274372e-15]],[1,"关节_6",8388608,2,[-36],[0,"f1RabCMqBN6Yxttccf0k89",null,null,null,1,0],[1,-0.5,-1.919818439099797e-16,9.184850732644269e-17],[3,-0.46390380061047826,0.5336602512639982,0.46390380061047826,0.5336602512639982],[1,-82.00000265244971,90.00000000000001,0]],[3,"关节_1_8",8388608,19,[[2,"关节_2_8",8388608,-37,[0,"e4IGoDSYlBKrSdhIbIJhEe",null,null,null,1,0],[1,0.02682703174650669,-2.1316281596346973e-16,-0.4551859498023987]]],[0,"cdWfnQSptGF6PCtkRd5Pmi",null,null,null,1,0],[1,0.021142704412341118,-3.55271373174006e-16,-0.50555020570755],[3,0.14651421981727875,1.3007488348597544e-18,9.248725314691859e-18,0.9892085641518346],[1,16.849948298640054,-7.833236789504758e-18,1.0702274632510558e-15]],[1,"关节_7",8388608,2,[-38],[0,"838pjKuIFMAbcxpivffajl",null,null,null,1,0],[1,-0.3535533845424652,-1.3724818124315638e-17,-0.3535533845424652],[3,-0.6061195109038912,0.2888148414583622,0.25106292855010726,0.6972607344192362],[1,-82.00000070247148,44.99999956764001,0.0000013177759554132841]],[3,"关节_1_9",8388608,21,[[2,"关节_2_9",8388608,-39,[0,"ebMgHNzRNMRaO3d5Rt/vBX",null,null,null,1,0],[1,0.02682703174650669,-3.9079850255047273e-16,-0.4551859498023987]]],[0,"8cJJQHFRxIN5CAWiSz24Cq",null,null,null,1,0],[1,0.021142704412341118,-2.1316281596346973e-16,-0.50555020570755],[3,0.14651421981727875,2.1837926507723086e-16,-8.846144623000905e-17,0.9892085641518346],[1,16.849948298640054,2.6239576144641652e-14,-6.361109515295186e-15]],[3,"关节_1_10",8388608,6,[[2,"关节_2_10",8388608,-40,[0,"f2VjTEST9GtIXz7LX39f94",null,null,null,1,0],[1,2.6306312169044156e-18,-1.387778801460961e-18,-1.4296244382858276]]],[0,"df9nL8RsZHB6GkZ3fqZ2Xb",null,null,null,1,0],[1,1.7537542135346615e-18,-3.4083846114838477e-16,-0.7937795519828796],[3,-0.0016560091166823074,-7.36193846895413e-19,1.1101986059457183e-16,0.9999986288159627],[1,-0.1897647531763088,-6.329383817174991e-17,1.2722061167859686e-14]]],0,[0,6,1,0,1,1,0,1,1,0,-1,3,0,-1,7,0,-2,9,0,-3,11,0,-4,13,0,-5,15,0,-6,17,0,-7,19,0,-8,21,0,1,3,0,-1,6,0,-2,4,0,-3,5,0,1,4,0,1,4,0,1,4,0,1,5,0,1,5,0,1,5,0,-2,23,0,-1,8,0,0,8,0,-1,10,0,0,10,0,-1,12,0,0,12,0,-1,14,0,0,14,0,-1,16,0,0,16,0,-1,18,0,0,18,0,-1,20,0,0,20,0,-1,22,0,0,22,0,0,23,0,7,1,2,0,6,40],[0,0,0,0,0,0,0,0,0,0],[-1,3,4,-1,3,4,-1,5,-1,5],[3,4,5,6,7,8,1,1,2,2]],[[[13,"particleItem6_1",[{"rasterizerState":{},"depthStencilState":{},"blendState":{"targets":[{}]}},{}],[{"USE_TEXTURE":true},{}],[[[{},"mainTexture",6,0],{}],11,0]]],0,0,[0,0],[8,2],[9,0]],[[[10,"Skin-0",2582959297,["关节","关节/克隆","关节/克隆/关节_0","关节/克隆/关节_0/关节_1","关节/克隆/关节_0/关节_1/关节_2","关节/克隆/关节_1_2","关节/克隆/关节_1_2/关节_1_3","关节/克隆/关节_1_2/关节_1_3/关节_2_2","关节/克隆/关节_2_3","关节/克隆/关节_2_3/关节_1_4","关节/克隆/关节_2_3/关节_1_4/关节_2_4","关节/克隆/关节_3","关节/克隆/关节_3/关节_1_5","关节/克隆/关节_3/关节_1_5/关节_2_5","关节/克隆/关节_4","关节/克隆/关节_4/关节_1_6","关节/克隆/关节_4/关节_1_6/关节_2_6","关节/克隆/关节_5","关节/克隆/关节_5/关节_1_7","关节/克隆/关节_5/关节_1_7/关节_2_7","关节/克隆/关节_6","关节/克隆/关节_6/关节_1_8","关节/克隆/关节_6/关节_1_8/关节_2_8","关节/克隆/关节_7","关节/克隆/关节_7/关节_1_9","关节/克隆/关节_7/关节_1_9/关节_2_9","关节/关节_1_10","关节/关节_1_10/关节_2_10"],[[[7,2.832769343193999e-16,-0.9999876022338867,-0.004975062794983387,0,3.851859888774472e-34,-0.004975062794983387,0.9999876022338867,0,-1,-2.832734403084925e-16,-1.4093205491657966e-18,0,-7.588726331384397e-17,0.27447062730789185,-1.321898341178894,1],[7,1,9.974659986866641e-17,-3.031191722473206e-19,0,-9.974659986866641e-17,1,6.092695416454872e-17,0,3.031191722473206e-19,-6.092695416454872e-17,1,0,-0.2738070487976074,-0.5803293585777283,-3.527470363201759e-17,1],[7,1,9.442349410354066e-18,1.1078634422970123e-16,0,-1.1102230246251565e-16,0.13917310535907745,0.9902680516242981,0,-6.068022438579762e-18,-0.9902680516242981,0.13917310535907745,0,-0.2738070487976074,-0.5759002566337585,-0.5050951242446899,1],[7,1,2.7173571336636603e-17,1.1645689232187885e-16,0,-1.1709383462843448e-16,0.4202432930469513,0.9074114561080933,0,-2.428261976351685e-17,-0.9074114561080933,0.4202432930469513,0,-0.2949497699737549,-0.5510433316230774,0.16736958920955658,1],[7,1,4.2285158585078005e-17,1.1997287314637224e-16,0,-1.2663481374630692e-16,0.4202432930469513,0.9074114561080933,0,-1.2047758236020515e-17,-0.9074114561080933,0.4202432930469513,0,-0.32177677750587463,-0.5510433316230774,0.6225554943084717,1],[7,0.7071067690849304,0.700225293636322,-0.0984102413058281,0,-3.9839114707098267e-16,0.13917310535907745,0.9902680516242981,0,0.7071067690849304,-0.700225293636322,0.0984102413058281,0,-0.19361081719398499,-0.7676268815994263,-0.4781496822834015,1],[7,0.7071067690849304,0.6416367888450623,-0.2971568703651428,0,2.7755575615628914e-17,0.4202432930469513,0.9074114561080933,0,0.7071067690849304,-0.6416367888450623,0.2971568703651428,0,-0.21475352346897125,-0.7267280220985413,0.24873323738574982,1],[7,0.7071067690849304,0.6416367888450623,-0.2971568703651428,0,-1.8279229082098918e-16,0.4202432930469513,0.9074114561080933,0,0.7071067690849304,-0.6416367888450623,0.2971568703651428,0,-0.2415805608034134,-0.7267280220985413,0.7039191722869873,1],[7,1.1714553540195251e-15,0.9902680516242981,-0.13917310535907745,0,3.251441765882227e-32,0.13917310535907745,0.9902680516242981,0,1,-1.1600548199450743e-15,1.630350752727152e-16,0,-8.759417052880568e-16,-0.8470426797866821,-0.46698853373527527,1],[7,1.1714553540195251e-15,0.9074114561080933,-0.4202432930469513,0,0,0.4202432930469513,0.9074114561080933,0,1,-1.0629920439697831e-15,4.922962900980282e-16,0,-0.021142704412341118,-0.799498975276947,0.28243517875671387,1],[7,9.494107490944938e-16,0.9074114561080933,-0.4202432930469513,0,-4.930380657631324e-32,0.4202432930469513,0.9074114561080933,0,1,-8.615061992240346e-16,3.9898351426868905e-16,0,-0.04796973615884781,-0.799498975276947,0.7376211285591125,1],[7,-0.7071067690849304,0.700225293636322,-0.0984102413058281,0,7.345365162959866e-17,0.13917310535907745,0.9902680516242981,0,0.7071067690849304,0.700225293636322,-0.0984102413058281,0,0.19361081719398499,-0.7676268815994263,-0.4781496822834015,1],[7,-0.7071067690849304,0.6416367888450623,-0.2971568703651428,0,-4.401441605156706e-17,0.4202432930469513,0.9074114561080933,0,0.7071067690849304,0.6416367888450623,-0.2971568703651428,0,0.1724681258201599,-0.7267280220985413,0.24873323738574982,1],[7,-0.7071067690849304,0.6416367888450623,-0.2971568703651428,0,1.6258840435938148e-17,0.4202432930469513,0.9074114561080933,0,0.7071067690849304,0.6416367888450623,-0.2971568703651428,0,0.14564108848571777,-0.7267280220985413,0.7039191722869873,1],[7,-1,-1.3687153778612016e-16,1.429042520202531e-16,0,1.2246468525851679e-16,0.13917310535907745,0.9902680516242981,0,-1.5542793854787335e-16,0.9902680516242981,-0.13917310535907745,0,0.2738070487976074,-0.5759002566337585,-0.5050951242446899,1],[7,-1,-7.185002635454416e-17,1.6823588403863622e-16,0,1.2246468525851679e-16,0.4202432930469513,0.9074114561080933,0,-1.3589754254100632e-16,0.9074114561080933,-0.4202432930469513,0,0.25266435742378235,-0.5510433316230774,0.16736958920955658,1],[7,-1,-4.872862093290272e-17,1.5752782586834536e-16,0,1.2246468525851679e-16,0.4202432930469513,0.9074114561080933,0,-1.1041691875069014e-16,0.9074114561080933,-0.4202432930469513,0,0.2258373200893402,-0.5510433316230774,0.6225554943084717,1],[7,-0.7071067690849304,-0.700225293636322,0.0984102413058281,0,9.71445146547012e-17,0.13917310535907745,0.9902680516242981,0,-0.7071067690849304,0.700225293636322,-0.0984102413058281,0,0.19361081719398499,-0.3841736614704132,-0.532040536403656,1],[7,-0.7071067690849304,-0.6416367888450623,0.2971568703651428,0,-8.326672684688674e-17,0.4202432930469513,0.9074114561080933,0,-0.7071067690849304,0.6416367888450623,-0.2971568703651428,0,0.1724681258201599,-0.3753586411476135,0.08600593358278275,1],[7,-0.7071067690849304,-0.6416367888450623,0.2971568703651428,0,5.551115123125783e-17,0.4202432930469513,0.9074114561080933,0,-0.7071067690849304,0.6416367888450623,-0.2971568703651428,0,0.14564108848571777,-0.3753586411476135,0.5411918759346008,1],[7,6.123234262925839e-17,-0.9902680516242981,0.13917310535907745,0,-4.7810268269880564e-33,0.13917310535907745,0.9902680516242981,0,-1,-6.063642848108539e-17,8.521894257568334e-18,0,1.0558196204353399e-16,-0.30475789308547974,-0.5432016849517822,1],[7,5.053215392444312e-16,-0.9074114561080933,0.4202432930469513,0,-7.735478696172285e-32,0.4202432930469513,0.9074114561080933,0,-1,-4.585345626720967e-16,2.1235798907979033e-16,0,-0.021142704412341118,-0.3025876581668854,0.05230400711297989,1],[7,6.123234262925839e-17,-0.9074114561080933,0.4202432930469513,0,3.0814879110195774e-33,0.4202432930469513,0.9074114561080933,0,-1,-5.556292612015875e-17,2.573248043450387e-17,0,-0.04796973615884781,-0.3025876581668854,0.5074899196624756,1],[7,0.7071067690849304,-0.700225293636322,0.0984102413058281,0,4.5698072705247295e-17,0.13917310535907745,0.9902680516242981,0,-0.7071067690849304,-0.700225293636322,0.0984102413058281,0,-0.19361081719398499,-0.3841736614704132,-0.532040536403656,1],[7,0.7071067690849304,-0.6416367888450623,0.2971568703651428,0,-8.441639937223908e-16,0.4202432930469513,0.9074114561080933,0,-0.7071067690849304,-0.6416367888450623,0.2971568703651428,0,-0.21475352346897125,-0.3753586411476135,0.08600593358278275,1],[7,0.7071067690849304,-0.6416367888450623,0.2971568703651428,0,-2.6129690579418364e-16,0.4202432930469513,0.9074114561080933,0,-0.7071067690849304,-0.6416367888450623,0.2971568703651428,0,-0.2415805608034134,-0.3753586411476135,0.5411918759346008,1],[7,2.832769343193999e-16,-0.9999656677246094,-0.008287007920444012,0,3.851859888774472e-34,-0.008287007920444012,0.9999656677246094,0,-1,-2.832672199102861e-16,-2.347518312500485e-18,0,-7.724776366325689e-17,0.2762182652950287,-0.5272068381309509,1],[7,6.123234262925839e-17,-0.9999656677246094,-0.008287007920444012,0,1.925929944387236e-34,-0.008287007920444012,0.9999656677246094,0,-1,-6.123023828178006e-17,-5.074329127948891e-19,0,-1.7758216138392593e-17,0.2762182652950287,0.9024176001548767,1]],8,8,8,8,8,8,8,8,8,8,8,8,8,8,8,8,8,8,8,8,8,8,8,8,8,8,8,8]]],0,0,[],[],[]],[[[11,".bin",800465784,[{"primitives":[{"primitiveMode":7,"jointMapIndex":0,"vertexBundelIndices":[0],"indexView":{"offset":77472,"length":3192,"count":1596,"stride":2}}],"vertexBundles":[{"view":{"offset":0,"length":77472,"count":1076,"stride":72},"attributes":[{"name":"a_position","format":32,"isNormalized":false},{"name":"a_normal","format":32,"isNormalized":false},{"name":"a_texCoord","format":21,"isNormalized":false},{"name":"a_tangent","format":44,"isNormalized":false},{"name":"a_joints","format":42,"isNormalized":false},{"name":"a_weights","format":44,"isNormalized":false}]}],"jointMaps":[[0,2,3,5,6,8,9,11,12,14,15,17,18,20,21,23,24,26]]},"minPosition",8,[1,-0.5787670016288757,-1.2178388833999634,-0.8525740504264832],"maxPosition",8,[1,1.1263810396194458,1.3192760944366455,0.8525740504264832]]],-1],0,0,[],[],[]],[[[11,".bin",2571562961,[{"primitives":[{"primitiveMode":7,"jointMapIndex":0,"vertexBundelIndices":[0],"indexView":{"offset":13248,"length":528,"count":264,"stride":2}}],"vertexBundles":[{"view":{"offset":0,"length":13248,"count":184,"stride":72},"attributes":[{"name":"a_position","format":32,"isNormalized":false},{"name":"a_normal","format":32,"isNormalized":false},{"name":"a_texCoord","format":21,"isNormalized":false},{"name":"a_tangent","format":44,"isNormalized":false},{"name":"a_joints","format":42,"isNormalized":false},{"name":"a_weights","format":44,"isNormalized":false}]}],"jointMaps":[[0,2,5,8,11,14,17,20,23]]},"minPosition",8,[1,-0.7569678425788879,0.33384212851524353,-1.0307748317718506],"maxPosition",8,[1,1.304581880569458,1.4798455238342285,1.0307748317718506]]],-1],0,0,[],[],[]],[[[10,"Skin-1",2582959297,["关节","关节/克隆","关节/克隆/关节_0","关节/克隆/关节_0/关节_1","关节/克隆/关节_0/关节_1/关节_2","关节/克隆/关节_1_2","关节/克隆/关节_1_2/关节_1_3","关节/克隆/关节_1_2/关节_1_3/关节_2_2","关节/克隆/关节_2_3","关节/克隆/关节_2_3/关节_1_4","关节/克隆/关节_2_3/关节_1_4/关节_2_4","关节/克隆/关节_3","关节/克隆/关节_3/关节_1_5","关节/克隆/关节_3/关节_1_5/关节_2_5","关节/克隆/关节_4","关节/克隆/关节_4/关节_1_6","关节/克隆/关节_4/关节_1_6/关节_2_6","关节/克隆/关节_5","关节/克隆/关节_5/关节_1_7","关节/克隆/关节_5/关节_1_7/关节_2_7","关节/克隆/关节_6","关节/克隆/关节_6/关节_1_8","关节/克隆/关节_6/关节_1_8/关节_2_8","关节/克隆/关节_7","关节/克隆/关节_7/关节_1_9","关节/克隆/关节_7/关节_1_9/关节_2_9","关节/关节_1_10","关节/关节_1_10/关节_2_10"],[[[7,2.832769343193999e-16,-0.9999876022338867,-0.004975062794983387,0,3.851859888774472e-34,-0.004975062794983387,0.9999876022338867,0,-1,-2.832734403084925e-16,-1.4093205491657966e-18,0,-7.588726331384397e-17,0.27447062730789185,-1.321898341178894,1],[7,1,9.974659986866641e-17,-3.031191722473206e-19,0,-9.974659986866641e-17,1,6.092695416454872e-17,0,3.031191722473206e-19,-6.092695416454872e-17,1,0,-0.2738070487976074,-0.5803293585777283,-3.527470363201759e-17,1],[7,1,9.442349410354066e-18,1.1078634422970123e-16,0,-1.1102230246251565e-16,0.13917310535907745,0.9902680516242981,0,-6.068022438579762e-18,-0.9902680516242981,0.13917310535907745,0,-0.2738070487976074,-0.5759002566337585,-0.5050951242446899,1],[7,1,2.7173571336636603e-17,1.1645689232187885e-16,0,-1.1709383462843448e-16,0.4202432930469513,0.9074114561080933,0,-2.428261976351685e-17,-0.9074114561080933,0.4202432930469513,0,-0.2949497699737549,-0.5510433316230774,0.16736958920955658,1],[7,1,4.2285158585078005e-17,1.1997287314637224e-16,0,-1.2663481374630692e-16,0.4202432930469513,0.9074114561080933,0,-1.2047758236020515e-17,-0.9074114561080933,0.4202432930469513,0,-0.32177677750587463,-0.5510433316230774,0.6225554943084717,1],[7,0.7071067690849304,0.700225293636322,-0.0984102413058281,0,-3.9839114707098267e-16,0.13917310535907745,0.9902680516242981,0,0.7071067690849304,-0.700225293636322,0.0984102413058281,0,-0.19361081719398499,-0.7676268815994263,-0.4781496822834015,1],[7,0.7071067690849304,0.6416367888450623,-0.2971568703651428,0,2.7755575615628914e-17,0.4202432930469513,0.9074114561080933,0,0.7071067690849304,-0.6416367888450623,0.2971568703651428,0,-0.21475352346897125,-0.7267280220985413,0.24873323738574982,1],[7,0.7071067690849304,0.6416367888450623,-0.2971568703651428,0,-1.8279229082098918e-16,0.4202432930469513,0.9074114561080933,0,0.7071067690849304,-0.6416367888450623,0.2971568703651428,0,-0.2415805608034134,-0.7267280220985413,0.7039191722869873,1],[7,1.1714553540195251e-15,0.9902680516242981,-0.13917310535907745,0,3.251441765882227e-32,0.13917310535907745,0.9902680516242981,0,1,-1.1600548199450743e-15,1.630350752727152e-16,0,-8.759417052880568e-16,-0.8470426797866821,-0.46698853373527527,1],[7,1.1714553540195251e-15,0.9074114561080933,-0.4202432930469513,0,0,0.4202432930469513,0.9074114561080933,0,1,-1.0629920439697831e-15,4.922962900980282e-16,0,-0.021142704412341118,-0.799498975276947,0.28243517875671387,1],[7,9.494107490944938e-16,0.9074114561080933,-0.4202432930469513,0,-4.930380657631324e-32,0.4202432930469513,0.9074114561080933,0,1,-8.615061992240346e-16,3.9898351426868905e-16,0,-0.04796973615884781,-0.799498975276947,0.7376211285591125,1],[7,-0.7071067690849304,0.700225293636322,-0.0984102413058281,0,7.345365162959866e-17,0.13917310535907745,0.9902680516242981,0,0.7071067690849304,0.700225293636322,-0.0984102413058281,0,0.19361081719398499,-0.7676268815994263,-0.4781496822834015,1],[7,-0.7071067690849304,0.6416367888450623,-0.2971568703651428,0,-4.401441605156706e-17,0.4202432930469513,0.9074114561080933,0,0.7071067690849304,0.6416367888450623,-0.2971568703651428,0,0.1724681258201599,-0.7267280220985413,0.24873323738574982,1],[7,-0.7071067690849304,0.6416367888450623,-0.2971568703651428,0,1.6258840435938148e-17,0.4202432930469513,0.9074114561080933,0,0.7071067690849304,0.6416367888450623,-0.2971568703651428,0,0.14564108848571777,-0.7267280220985413,0.7039191722869873,1],[7,-1,-1.3687153778612016e-16,1.429042520202531e-16,0,1.2246468525851679e-16,0.13917310535907745,0.9902680516242981,0,-1.5542793854787335e-16,0.9902680516242981,-0.13917310535907745,0,0.2738070487976074,-0.5759002566337585,-0.5050951242446899,1],[7,-1,-7.185002635454416e-17,1.6823588403863622e-16,0,1.2246468525851679e-16,0.4202432930469513,0.9074114561080933,0,-1.3589754254100632e-16,0.9074114561080933,-0.4202432930469513,0,0.25266435742378235,-0.5510433316230774,0.16736958920955658,1],[7,-1,-4.872862093290272e-17,1.5752782586834536e-16,0,1.2246468525851679e-16,0.4202432930469513,0.9074114561080933,0,-1.1041691875069014e-16,0.9074114561080933,-0.4202432930469513,0,0.2258373200893402,-0.5510433316230774,0.6225554943084717,1],[7,-0.7071067690849304,-0.700225293636322,0.0984102413058281,0,9.71445146547012e-17,0.13917310535907745,0.9902680516242981,0,-0.7071067690849304,0.700225293636322,-0.0984102413058281,0,0.19361081719398499,-0.3841736614704132,-0.532040536403656,1],[7,-0.7071067690849304,-0.6416367888450623,0.2971568703651428,0,-8.326672684688674e-17,0.4202432930469513,0.9074114561080933,0,-0.7071067690849304,0.6416367888450623,-0.2971568703651428,0,0.1724681258201599,-0.3753586411476135,0.08600593358278275,1],[7,-0.7071067690849304,-0.6416367888450623,0.2971568703651428,0,5.551115123125783e-17,0.4202432930469513,0.9074114561080933,0,-0.7071067690849304,0.6416367888450623,-0.2971568703651428,0,0.14564108848571777,-0.3753586411476135,0.5411918759346008,1],[7,6.123234262925839e-17,-0.9902680516242981,0.13917310535907745,0,-4.7810268269880564e-33,0.13917310535907745,0.9902680516242981,0,-1,-6.063642848108539e-17,8.521894257568334e-18,0,1.0558196204353399e-16,-0.30475789308547974,-0.5432016849517822,1],[7,5.053215392444312e-16,-0.9074114561080933,0.4202432930469513,0,-7.735478696172285e-32,0.4202432930469513,0.9074114561080933,0,-1,-4.585345626720967e-16,2.1235798907979033e-16,0,-0.021142704412341118,-0.3025876581668854,0.05230400711297989,1],[7,6.123234262925839e-17,-0.9074114561080933,0.4202432930469513,0,3.0814879110195774e-33,0.4202432930469513,0.9074114561080933,0,-1,-5.556292612015875e-17,2.573248043450387e-17,0,-0.04796973615884781,-0.3025876581668854,0.5074899196624756,1],[7,0.7071067690849304,-0.700225293636322,0.0984102413058281,0,4.5698072705247295e-17,0.13917310535907745,0.9902680516242981,0,-0.7071067690849304,-0.700225293636322,0.0984102413058281,0,-0.19361081719398499,-0.3841736614704132,-0.532040536403656,1],[7,0.7071067690849304,-0.6416367888450623,0.2971568703651428,0,-8.441639937223908e-16,0.4202432930469513,0.9074114561080933,0,-0.7071067690849304,-0.6416367888450623,0.2971568703651428,0,-0.21475352346897125,-0.3753586411476135,0.08600593358278275,1],[7,0.7071067690849304,-0.6416367888450623,0.2971568703651428,0,-2.6129690579418364e-16,0.4202432930469513,0.9074114561080933,0,-0.7071067690849304,-0.6416367888450623,0.2971568703651428,0,-0.2415805608034134,-0.3753586411476135,0.5411918759346008,1],[7,2.832769343193999e-16,-0.9999656677246094,-0.008287007920444012,0,3.851859888774472e-34,-0.008287007920444012,0.9999656677246094,0,-1,-2.832672199102861e-16,-2.347518312500485e-18,0,-7.724776366325689e-17,0.2762182652950287,-0.5272068381309509,1],[7,6.123234262925839e-17,-0.9999656677246094,-0.008287007920444012,0,1.925929944387236e-34,-0.008287007920444012,0.9999656677246094,0,-1,-6.123023828178006e-17,-5.074329127948891e-19,0,-1.7758216138392593e-17,0.2762182652950287,0.9024176001548767,1]],8,8,8,8,8,8,8,8,8,8,8,8,8,8,8,8,8,8,8,8,8,8,8,8,8,8,8,8]]],0,0,[],[],[]]]]
