[1,["750y9YUBNIspO2vbCDJbyA","c4POMb8epAr5slClJrxOGR@af657","84gKchAl5LtZPe9P87gTl8@6c48a","70i1E5v6pG8Zhre+wDe1se@6c48a","16PrFLX0tOYb/7sHgPQLUU","c4POMb8epAr5slClJrxOGR@0288d","c4POMb8epAr5slClJrxOGR@438fe","09H+zB6p9HlIhhaSjEcj5d","c4POMb8epAr5slClJrxOGR@f32e4"],["node","_parent","mainTexture","_effectAsset","_mesh","root","target","data","_skeleton","_defaultClip"],[["cc.Node",["_name","_layer","_prefab","_lpos","_children","_components","_lrot","_euler","_parent","_lscale"],1,4,5,2,9,5,5,1,5],["cc.UITransform",["node","__prefab","_contentSize"],3,1,4,5],["cc.Material",["_name","_states","_defines","_props"],0,12],["cc.Mesh",["_native","_hash","_struct"],1,11],["cc.Skeleton",["_name","_hash","_joints","_bindposes"],0,12],["cc.Prefab",["_name"],2],["cc.Node",["_name","_layer","_parent","_children","_prefab","_lpos","_lrot","_euler"],1,1,9,4,5,5,5],["cc.CompPrefabInfo",["fileId"],2],["cc.PrefabInfo",["fileId","instance","targetOverrides","nestedPrefabInstanceRoots","root","asset"],-1,1,1],["cc.SkeletalAnimation",["playOnLoad","node","__prefab","_clips","_sockets","_defaultClip"],2,1,4,3,9,6],["cc.SkeletalAnimation.Socket",["path","target"],2,1],["cc.SkinnedMeshRenderer",["node","__prefab","_materials","bakeSettings","_skinningRoot","_mesh","_skeleton"],3,1,4,3,4,1,6,6],["cc.ModelBakeSettings",[],3],["cc.UIMeshRenderer",["node","__prefab"],3,1,4],["cc.MeshRenderer",["node","__prefab","_materials","bakeSettings","_mesh"],3,1,4,3,4,6]],[[8,0,1,2,3,4,5,5],[0,0,1,8,4,2,3,6,7,3],[7,0,2],[0,0,1,8,2,3,3],[6,0,1,2,3,4,5,6,7,3],[2,0,1,2,3,4],[3,0,1,2,3],[1,0,1,1],[12,1],[13,0,1,1],[4,0,1,2,3,4],[5,0,2],[0,0,1,4,5,2,6,7,3],[0,0,1,8,4,5,2,3,9,3],[0,0,1,8,5,2,3,3],[0,0,1,4,2,3,6,7,3],[0,0,1,5,2,3,6,7,3],[1,0,1,2,1],[9,0,1,2,3,4,5,2],[10,0,1,2],[11,0,1,2,3,4,5,6,1],[14,0,1,2,3,4,1]],[[[[5,"particleItem16_1",[{"rasterizerState":{},"depthStencilState":{},"blendState":{"targets":[{}]}},{}],[{"USE_TEXTURE":true},{}],[[[{},"mainTexture",6,0],{}],11,0]]],0,0,[0,0],[2,3],[2,0]],[[[5,"particleItem16_0",[{"rasterizerState":{},"depthStencilState":{},"blendState":{"targets":[{}]}},{}],[{"USE_TEXTURE":true},{}],[[[{},"mainTexture",6,0],{}],11,0]]],0,0,[0,0],[2,3],[3,0]],[[[6,".bin",4063600301,[{"primitives":[{"primitiveMode":7,"jointMapIndex":0,"vertexBundelIndices":[0],"indexView":{"offset":168192,"length":6600,"count":3300,"stride":2}}],"vertexBundles":[{"view":{"offset":0,"length":168192,"count":2336,"stride":72},"attributes":[{"name":"a_position","format":32,"isNormalized":false},{"name":"a_normal","format":32,"isNormalized":false},{"name":"a_texCoord","format":21,"isNormalized":false},{"name":"a_tangent","format":44,"isNormalized":false},{"name":"a_joints","format":42,"isNormalized":false},{"name":"a_weights","format":44,"isNormalized":false}]}],"jointMaps":[[0,1,2,3,4,5,6,7,8,9,10,11,12,13,14,15,16,17,18,19,20,21]]},"minPosition",8,[1,-1.1381027698516846,-1.3619762659072876,-0.6953846216201782],"maxPosition",8,[1,1.1433542966842651,1.3619762659072876,0.6953846216201782]]],-1],0,0,[],[],[]],[[[10,"Skin-0",2941109891,["Hips","Hips/LeftUpLeg","Hips/RightUpLeg","Hips/RightUpLeg/RightLeg","Hips/RightUpLeg/RightLeg/RightFoot","Hips/RightUpLeg/RightLeg/RightFoot/RightToeBase","Hips/Spine/Spine1/Spine2","Hips/Spine/Spine1/Spine2/RightShoulder","Hips/Spine/Spine1/Spine2/Neck","Hips/Spine/Spine1/Spine2/RightShoulder/RightArm/RightForeArm/RightHand","Hips/Spine/Spine1/Spine2/RightShoulder/RightArm","Hips/Spine/Spine1/Spine2/RightShoulder/RightArm/RightForeArm","Hips/Spine","Hips/Spine/Spine1/Spine2/Neck/mixamorig_Head","Hips/Spine/Spine1","Hips/LeftUpLeg/LeftLeg","Hips/LeftUpLeg/LeftLeg/LeftFoot","Hips/LeftUpLeg/LeftLeg/LeftFoot/LeftToeBase","Hips/Spine/Spine1/Spine2/LeftShoulder","Hips/Spine/Spine1/Spine2/LeftShoulder/mixamorig_LeftArm/mixamorig_LeftForeArm/mixamorig_LeftHand","Hips/Spine/Spine1/Spine2/LeftShoulder/mixamorig_LeftArm/mixamorig_LeftForeArm","Hips/Spine/Spine1/Spine2/LeftShoulder/mixamorig_LeftArm"],[[[7,1,-2.3418766925686896e-16,-2.9264785039728736e-15,0,2.3418766925686896e-16,1,-2.0469737016526324e-15,0,2.9264785039728736e-15,2.0469737016526324e-15,1,0,1.280570085345265e-16,0.2533666789531708,0.2593485713005066,1],[7,-0.9930485486984253,0.11770527809858322,9.07488865073392e-17,0,-0.1176515445113182,-0.9925951957702637,0.030213607475161552,0,0.0035563011188060045,0.030003581196069717,0.9995434880256653,0,0.3013753592967987,-0.3878746032714844,0.25275543332099915,1],[7,-0.9930465221405029,-0.11772280931472778,-1.8780394654187646e-17,0,0.11768683791160583,-0.9927430748939514,0.024718130007386208,0,-0.002909887582063675,0.024546252563595772,0.9996944665908813,0,-0.30120256543159485,-0.3892797827720642,0.24980086088180542,1],[7,-0.9864831566810608,-0.16106806695461273,-0.030133042484521866,0,0.16381244361400604,-0.973909318447113,-0.1570545732975006,0,-0.004050374962389469,-0.15986785292625427,0.9871301054954529,0,-0.2599194049835205,-0.9228465557098389,0.08148619532585144,1],[7,-0.984170138835907,-0.018947476521134377,0.17621032893657684,0,0.14635995030403137,-0.6475698351860046,0.7478182315826416,0,0.09993921965360641,0.761770486831665,0.6400920748710632,0,-0.24989143013954163,-0.5477993488311768,1.1309421062469482,1],[7,-0.9933657050132751,0.059852346777915955,0.09819494187831879,0,0.0986286923289299,0.004329188261181116,0.9951148629188538,0,0.05913485959172249,0.9981978535652161,-0.01020362600684166,0,-0.3211274743080139,0.09616999328136444,1.3879303932189941,1],[7,1,-3.040379500846192e-16,-3.112104596458461e-17,0,3.0531133177191805e-16,0.9983997344970703,0.056550364941358566,0,1.3877787807814457e-17,-0.056550364941358566,0.9983997344970703,0,-6.616437460612581e-16,-0.4155274033546448,0.27326151728630066,1],[7,0.026424825191497803,-0.9993731379508972,0.023558801040053368,0,0.05702102929353714,-0.022021781653165817,-0.9981300830841064,0,0.9980232119560242,0.027718760073184967,0.05640336498618126,0,0.27296194434165955,-0.12771004438400269,0.694121241569519,1],[7,1,-9.80118763926896e-17,5.568462357885551e-16,0,9.80118763926896e-17,1,-4.7253867485608225e-15,0,-5.568462357885551e-16,4.7253867485608225e-15,1,0,-7.550604157755339e-16,-0.6791706085205078,0.3121684193611145,1],[7,0.6069870591163635,-0.35173091292381287,0.7126374244689941,0,-0.09896130859851837,-0.923197865486145,-0.37136557698249817,0,0.7885260581970215,0.15489056706428528,-0.5951769351959229,0,0.8459295630455017,-0.5042473673820496,0.3898569345474243,1],[7,0.03259728476405144,-0.5787473320960999,0.81485515832901,0,-0.2669895589351654,-0.7907031774520874,-0.5509129166603088,0,0.9631479382514954,-0.19959954917430878,-0.18029426038265228,0,0.4816802144050598,0.20818330347537994,0.6800729036331177,1],[7,0.6069870591163635,-0.35173091292381287,0.7126374244689941,0,-0.09896130859851837,-0.923197865486145,-0.37136557698249817,0,0.7885260581970215,0.15489056706428528,-0.5951769351959229,0,0.8459295630455017,-0.06270717084407806,0.3898569345474243,1],[7,1,-1.1332754233313763e-16,-2.3794019064932802e-17,0,1.1449174941446927e-16,0.9983997344970703,0.056550316512584686,0,1.734723475976807e-17,-0.056550316512584686,0.9983997344970703,0,-6.447714850266629e-16,0.051488567143678665,0.27326151728630066,1],[7,1,-1.1449174941446927e-16,-1.033895191682177e-15,0,1.1449174941446927e-16,1,7.7021722333370235e-16,0,1.033895191682177e-15,-7.7021722333370235e-16,1,0,-1.4858771074743144e-16,-0.7301390767097473,0.38251087069511414,1],[7,1,-5.15335533323786e-16,-4.3089154979422396e-17,0,5.169475958410885e-16,0.9983997344970703,0.056550364941358566,0,1.3877787807814457e-17,-0.056550364941358566,0.9983997344970703,0,-6.857441098116887e-16,-0.16645221412181854,0.27326151728630066,1],[7,-0.9864534139633179,0.1610005646944046,0.03144049271941185,0,-0.1639668345451355,-0.9735143780708313,-0.15932540595531464,0,0.004956291988492012,-0.1623222827911377,0.9867253303527832,0,0.2599765360355377,-0.9227811098098755,0.07732733339071274,1],[7,-0.9841932058334351,0.018997149541974068,-0.17607633769512177,0,-0.14607001841068268,-0.6492433547973633,0.746422529220581,0,-0.10013648867607117,0.7603434324264526,0.6417558193206787,0,0.2502649128437042,-0.5507913827896118,1.1291981935501099,1],[7,-0.9934120774269104,-0.059751957654953,-0.0977860689163208,0,-0.098215252161026,0.004281511064618826,0.9951559901237488,0,-0.059043847024440765,0.9982040524482727,-0.010121858678758144,0,0.321702778339386,0.09620597958564758,1.387805461883545,1],[7,-0.028927357867360115,0.9993731379508972,-0.020408369600772858,0,-0.05659985542297363,-0.022021785378456116,-0.9981540441513062,0,-0.9979777932167053,-0.02771884948015213,0.057201407849788666,0,-0.27311670780181885,-0.1450159102678299,0.694379985332489,1],[7,0.635707676410675,0.3517042398452759,-0.6871534585952759,0,0.11369603872299194,-0.9231278300285339,-0.36729860305786133,0,-0.7635109424591064,0.155367910861969,-0.626826822757721,0,-0.8664342761039734,-0.5029957890510559,0.35064899921417236,1],[7,0.635707676410675,0.3517042398452759,-0.6871534585952759,0,0.11369603872299194,-0.9231278300285339,-0.36729860305786133,0,-0.7635109424591064,0.155367910861969,-0.626826822757721,0,-0.8664342761039734,-0.061422087252140045,0.35064899921417236,1],[7,-0.022887462750077248,0.5818266868591309,-0.812990665435791,0,0.1954346001148224,-0.7949103116989136,-0.5743891596794128,0,-0.9804496169090271,-0.17203281819820404,-0.09551559388637543,0,-0.43846940994262695,0.21360445022583008,0.7179579138755798,1]],8,8,8,8,8,8,8,8,8,8,8,8,8,8,8,8,8,8,8,8,8,8]]],0,0,[],[],[]],[[[6,".bin",961378866,[{"primitives":[{"primitiveMode":7,"vertexBundelIndices":[0],"indexView":{"offset":3504,"length":216,"count":108,"stride":2}}],"vertexBundles":[{"view":{"offset":0,"length":3504,"count":73,"stride":48},"attributes":[{"name":"a_position","format":32,"isNormalized":false},{"name":"a_normal","format":32,"isNormalized":false},{"name":"a_texCoord","format":21,"isNormalized":false},{"name":"a_tangent","format":44,"isNormalized":false}]}]},"minPosition",8,[1,-0.08496440947055817,-1.0310511589050293,-0.10817916691303253],"maxPosition",8,[1,0.10240740329027176,1.8557626008987427,0.10817916691303253]]],-1],0,0,[],[],[]],[[[11,"particleItem13"],[12,"particleItem13",8388608,[-3],[[17,-2,[2,"60yPJE6fFBjLi1RvqxcIFK"],[5,0,0]]],[0,"a6QPirp9NFELH2ayMXi7ox",null,null,null,-1,0],[3,0,-0.13068192640375514,0,-0.9914243461361051],[1,0,-344.982,0]],[13,"PI16",8388608,1,[-6,-7,-8],[[18,true,-5,[2,"1bZbK8V6JQU4gHGsjeTuMg"],[5],[[19,"Hips/Spine/Spine1/Spine2/RightShoulder/RightArm/RightForeArm/RightHand",-4]],6]],[0,"2e1kV+tPpHjqmaGiaxVAKU",null,null,null,1,0],[1,0,-105.603,0],[1,100,100,100]],[14,"智人",8388608,2,[[20,-9,[2,"85BysvH2RRbK2rNsYzuvLl"],[0],[8],2,1,2],[7,-10,[2,"91LNoihpFPkLdVGqIXINrV"]],[9,-11,[2,"0c7/TphQ1Em7lmIAviNJVf"]]],[0,"ffs33eUMRFwIwiiF6jhSbB",null,null,null,1,0],[1,0,1.2854962348937988,0.476296603679657]],[1,"Hips",8388608,2,[-12,-13,-14],[0,"b0ovAM6MZKrZtPgzAkk+0r",null,null,null,1,0],[1,0.019543182104825974,1.0490854978561401,-0.038557857275009155],[3,0.04070098361045069,-0.004880443723521366,0.024421014104310072,0.9988609639345809],[1,4.6830265356903436,-0.6733242239221148,2.7735753259311218]],[15,"Spine2",8388608,[-15,-16,-17],[0,"f562SW+3dOeJjBaGU38GFs",null,null,null,1,0],[1,6.217248964370656e-17,0.24907517433166504,-3.55271373174006e-16],[3,-0.030390601743676457,0.026229165613976542,-0.004588318543929963,0.9991833613155252],[1,-3.4681899691666125,2.988735869056671,-0.6167083469088577]],[16,"圆柱",8388608,[[21,-18,[2,"fdncTn60lWpKV1vt4ePGrR"],[3],[8],4],[7,-19,[2,"8bVdvlbZ5LQ68oQ07GR/3N"]],[9,-20,[2,"7dqmHRiY1BAbwuBQygi1vZ"]]],[0,"de7UT7lRxDx485CVjj+ZTj",null,null,null,1,0],[1,0.03756221756339073,0.27884146571159363,0.22495412826538086],[3,-0.6475840287651445,-0.18460272471308548,-0.099227846844614,0.73260534677778],[1,-81.82464561815824,-23.625814335921337,5.3766080064963315]],[1,"RightHand Socket",8388608,2,[6],[0,"2fiKscCXdAQrughkhvbBZ9",null,null,null,1,0],[1,-0.6886299404745374,0.9316057430948822,0.5660519138584144],[3,0.9550409486113072,-0.012491219495605412,0.10741062537775055,0.276050200990849],[1,147.97460830243605,-12.250887733122093,2.0311136989087673]],[1,"Spine",8388608,4,[-21],[0,"fbdNabhr9B6Z8qnqAIz4mV",null,null,null,1,0],[1,-8.881783998477905e-18,0.18650749325752258,-0.010563964955508709],[3,0.07570817521105366,0.014442568094264181,-0.006199363316842804,0.9970061445786182],[1,8.693572288657109,1.7041637201273494,-0.5829811906428191]],[1,"Spine1",8388608,8,[5],[0,"c0fiZ+D9JBl6K6V+zTj6KO",null,null,null,1,0],[1,-8.881783998477905e-18,0.2179407775402069,7.105427198782324e-17],[3,0.056331023585767644,0.02543065697491602,-0.007166608238243064,0.9980624916276353],[1,6.4776510420153715,2.9562582415082237,-0.6554995530157322]],[1,"Neck",8388608,5,[-22],[0,"76FiLH/kpFYJtAjpwm55D5",null,null,null,1,0],[1,5.329070399086743e-17,0.28020960092544556,8.219723568458903e-9],[3,-0.015491865361011907,-0.04977982049864488,0.026277403915016883,0.9982942800708847],[1,-1.624902496549956,-5.665451425105434,3.0959097281212626]],[4,"mixamorig_Head",8388608,10,[[3,"mixamorig_HeadTop_End",8388608,-23,[0,"37dGWdddhFpblPK8hpvuzi",null,null,null,1,0],[1,-1.5987212189876965e-16,0.131694495677948,-0.18175381422042847]]],[0,"adqoD2r0FGFLU7nkiDj0h+",null,null,null,1,0],[1,-5.329070399086743e-17,0.0509684756398201,-0.07034246623516083],[3,-0.05335898695288363,-0.0334453955161833,-0.01734055391765614,0.9978644843965321],[1,-6.182856415662152,-3.9353923037426304,-1.778621794730987]],[1,"LeftShoulder",8388608,5,[-24],[0,"47zC8NL1ZMb5JEGVxOOb5g",null,null,null,1,0],[1,0.15119561553001404,0.2757267355918884,-0.004395732190459967],[3,0.5474205660684223,0.4493767956188251,-0.47198370509023946,0.524997715741673],[1,92.57207356968415,81.3391863891614,-0.20537913291453272]],[1,"mixamorig_LeftArm",8388608,12,[-25],[0,"7fIR/wSWxMAbdU4Vs7Rjs6",null,null,null,1,0],[1,-2.1316281596346973e-16,0.29836827516555786,1.1368683518051719e-15],[3,0.5638685275081843,0.06495203878881245,0.03911173377397695,0.8223769139659272],[1,68.62249130516861,3.630656975356015,7.907719382486574]],[4,"mixamorig_LeftForeArm",8388608,13,[[3,"mixamorig_LeftHand",8388608,-26,[0,"64DwthL/NF/4S7L6vpNUyX",null,null,null,1,0],[1,-3.4106050554155156e-15,0.4415736794471741,-1.9539925127523637e-16]]],[0,"83jWQ8tXRK2qIArqIGer3j",null,null,null,1,0],[1,-3.55271373174006e-16,0.6255713701248169,3.268496643788767e-15],[3,-0.019800455535600617,0.6105062148106497,0.12558979838846393,0.7817399223392013],[1,-10.783507530464952,76.91478799471285,9.914623138024789]],[1,"RightShoulder",8388608,5,[-27],[0,"8dexBU3kJAW58/DmJDtL4y",null,null,null,1,0],[1,-0.15119561553001404,0.2752590477466583,0.003861458506435156],[3,0.5652313726375379,-0.49480955899098916,0.47849064201126884,0.4546687818897088],[1,95.60307076956938,-86.9716644305431,-7.137692157555587]],[1,"RightArm",8388608,15,[-28],[0,"60pmAkO/dM9ofRT8gqnNE+",null,null,null,1,0],[1,0,0.29836827516555786,-5.684341759025859e-16],[3,0.468031919815452,0.10674443995461667,-0.19798745501467646,0.8546067599951741],[1,60.14154010030618,22.253481353710715,-13.797036330819667]],[4,"RightForeArm",8388608,16,[[3,"RightHand",8388608,-29,[0,"54Qo+pI6NFz7R2MpqnY389",null,null,null,1,0],[1,1.4921396985093983e-15,0.4415401816368103,1.7053025277077578e-15]]],[0,"b5MUe/Ws5ANZnmybvjZCak",null,null,null,1,0],[1,-3.907985131383846e-15,0.628899872303009,-1.1937117588075186e-14],[3,-0.07091078862456153,-0.4176242027126931,-0.21635517341315008,0.87963181178411],[1,-18.818754965345843,-53.928092750745236,-18.7474707063133]],[1,"LeftUpLeg",8388608,4,[-30],[0,"348VhHV4BJT5VdqBSO5p4f",null,null,null,1,0],[1,0.34493526816368103,-0.10381515324115753,0.01727437973022461],[3,0.023227920602932287,0.3171040692925457,0.9463736352649396,-0.05729236788609155],[1,-142.7334466988441,-175.37379665645608,-5.3769985664170115]],[1,"LeftLeg",8388608,18,[-31],[0,"fbeK8Ej+dIqLf8MsTg1FEB",null,null,null,1,0],[1,-4.973799171496525e-16,0.48983830213546753,0],[3,-0.6672817461431344,0.06800661973755788,-0.04516787077075213,0.7403175226793417],[1,-83.87348483865607,2.3455004062744185,-9.06972424744836]],[1,"LeftFoot",8388608,19,[-32],[0,"51SBqZxJFLzpde93JPcso4",null,null,null,1,0],[1,-3.55271373174006e-16,0.32922717928886414,4.973799171496525e-16],[3,0.5204130395765064,0.03577235330498052,-0.019966768041837512,0.8529313777507125],[1,62.77116415677748,4.692328757950853,0.1817558262422104]],[4,"LeftToeBase",8388608,20,[[3,"LeftToe_End",8388608,-33,[0,"56VNiWNpxPi4vdscHVP54j",null,null,null,1,0],[1,-7.105427198782324e-17,0.13753822445869446,1.776356799695581e-17]]],[0,"38xbY4NDRGDqjPRJ9A+9QZ",null,null,null,1,0],[1,-7.105427198782324e-17,0.2864846885204315,1.776356799695581e-17],[3,0.42765321246781685,-0.008960610029132458,0.03968273375473765,0.9030269752203489],[1,50.774609498287646,-2.879019658490334,3.669730081735063]],[1,"RightUpLeg",8388608,4,[-34],[0,"b7R9pSmpBMiZqGtLl46Eog",null,null,null,1,0],[1,-0.34493526816368103,-0.10381515324115753,0.018302936106920242],[3,-0.037827313637394326,0.14769976110881022,0.9866451801307781,0.05731634527849086],[1,-162.70213125625284,174.71816303926235,5.850182316614767]],[1,"RightLeg",8388608,22,[-35],[0,"51pNzdBo5C0YAyCpZQOSag",null,null,null,1,0],[1,7.105427198782324e-17,0.48976534605026245,0],[3,-0.43487526966511436,-0.0498143907357545,0.046145475339745265,0.8979268463605422],[1,-51.50218428792142,-2.850025538415427,7.249864059776479]],[1,"RightFoot",8388608,23,[-36],[0,"515ki1mUVKVaMD9Yycfpbk",null,null,null,1,0],[1,-2.1316281596346973e-16,0.3290966749191284,-4.973799171496525e-16],[3,0.7288092520189979,-0.036049117121999326,-0.09992693563961966,0.6764260069363894],[1,94.80623813036652,5.660862450091938,-10.820468424340081]],[4,"RightToeBase",8388608,24,[[3,"RightToe_End",8388608,-37,[0,"26rF/VqkpGLp9HO09MHoLF",null,null,null,1,0],[1,7.105427198782324e-17,0.1373194307088852,8.437694881272071e-16]]],[0,"84ZWOQDy1Ff72ibctXFg+3",null,null,null,1,0],[1,3.55271373174006e-16,0.287213534116745,2.9309889014774435e-16],[3,0.22093418783871366,0.06277580713632762,-0.05877090390015466,0.9714902282252712],[1,25.99486202738796,8.539843773873352,-4.9595299782202975]]],0,[0,5,1,0,0,1,0,-1,2,0,6,7,0,0,2,0,-1,3,0,-2,4,0,-3,7,0,0,3,0,0,3,0,0,3,0,-1,8,0,-2,18,0,-3,22,0,-1,10,0,-2,12,0,-3,15,0,0,6,0,0,6,0,0,6,0,-1,9,0,-1,11,0,1,11,0,-1,13,0,-1,14,0,1,14,0,-1,16,0,-1,17,0,1,17,0,-1,19,0,-1,20,0,-1,21,0,1,21,0,-1,23,0,-1,24,0,-1,25,0,1,25,0,7,1,5,1,9,6,1,7,37],[0,0,0,0,0,0,0],[-1,4,8,-1,4,-1,9],[4,5,6,7,8,1,1]]]]
