[1,["a7orX6w55Pio82ROdZ2D3/@af657","e2xHxVMJlI6a41sqcbWaoz","a7orX6w55Pio82ROdZ2D3/@cc75a","a7orX6w55Pio82ROdZ2D3/@438fe","2dFOdiBb1Gv6XzFWW10OGM@6c48a","750y9YUBNIspO2vbCDJbyA"],["_parent","node","root","data","_mesh","_skeleton","_defaultClip","mainTexture","_effectAsset"],[["cc.Node",["_name","_layer","_prefab","_lpos","_lrot","_euler","_parent","_children","_components","_lscale"],1,4,5,5,5,1,2,9,5],["cc.Node",["_name","_layer","_parent","_children","_prefab","_lrot","_euler","_lpos"],1,1,9,4,5,5,5],["cc.UITransform",["node","__prefab","_contentSize"],3,1,4,5],["cc.Prefab",["_name"],2],["cc.CompPrefabInfo",["fileId"],2],["cc.PrefabInfo",["fileId","instance","targetOverrides","nestedPrefabInstanceRoots","root","asset"],-1,1,1],["cc.SkeletalAnimation",["playOnLoad","node","__prefab","_clips","_defaultClip"],2,1,4,3,6],["cc.SkinnedMeshRenderer",["node","__prefab","_materials","bakeSettings","_skinningRoot","_mesh","_skeleton"],3,1,4,3,4,1,6,6],["cc.ModelBakeSettings",[],3],["cc.UIMeshRenderer",["node","__prefab"],3,1,4],["cc.Skeleton",["_name","_hash","_joints","_bindposes"],0,12],["cc.Mesh",["_native","_hash","_struct"],1,11],["cc.Material",["_name","_states","_defines","_props"],0,12]],[[5,0,1,2,3,4,5,5],[0,0,1,6,7,2,3,4,5,3],[1,0,1,2,3,4,7,5,6,3],[0,0,1,6,2,3,3],[4,0,2],[0,0,1,6,2,3,4,5,3],[0,0,1,7,2,3,4,5,3],[1,0,1,2,3,4,5,6,3],[3,0,2],[0,0,1,7,8,2,4,5,3],[0,0,1,6,7,8,2,3,4,9,5,3],[0,0,1,6,8,2,3,3],[2,0,1,2,1],[2,0,1,1],[6,0,1,2,3,4,2],[7,0,1,2,3,4,5,6,1],[8,1],[9,0,1,1],[10,0,1,2,3,4],[11,0,1,2,3],[12,0,1,2,3,4]],[[[[8,"particleItem6"],[9,"particleItem6",8388608,[-3],[[12,-2,[4,"60yPJE6fFBjLi1RvqxcIFK"],[5,0,0]]],[0,"8cBumng99NyoORtKfjoM+7",null,null,null,-1,0],[3,0,-0.13068192640375514,0,-0.9914243461361051],[1,0,-344.982,0]],[6,"关节",8388608,[-4,-5,-6,-7,-8,-9,-10],[0,"2fWwKGBX1PHbNzHxIgxed8",null,null,null,1,0],[1,-0.0057200039736926556,0,-1.6983332633972168],[3,-6.157155989190344e-17,0.9999845692118041,-6.157155989190344e-17,-0.005555298217246882],[1,7.09466802328087e-15,-179.3634064420469,-7.016276309738052e-15]],[10,"PI9",8388608,1,[2,-12],[[14,true,-11,[4,"16ts3wR4lUoL8TEJpNHAdS"],[3],4]],[0,"fb8pZh67JDEbjGTm6ZPxoh",null,null,null,1,0],[1,-13.425,21.68,-20.577],[3,-0.17689137287253753,0.8549203562377654,0.3692927715020459,-0.3185019240285665],[1,80,80,80],[1,-37.971,209.403,-32.527]],[11,"皮皮虾",8388608,3,[[15,-13,[4,"a4uJwV6apUh6aic2e+BH7s"],[0],[16],3,1,2],[13,-14,[4,"4fgN/xE+ZNdrgpCJNzC2RO"]],[17,-15,[4,"cbPDqwkeJF/6UpzDdZmsDt"]]],[0,"b425b53upMA4YD4a3HcOI6",null,null,null,1,0],[1,-2.1316281596346973e-16,-0.12362578511238098,-0.2994929552078247]],[6,"关节_1",8388608,[-16,-17],[0,"f5lKsC7QlLfoUQxXvRyt25",null,null,null,1,0],[1,5.684341759025859e-16,-0.07880765199661255,-0.74469393491745],[3,1.8373935592233818e-24,0.4269897132075579,-1.9538982593591867e-24,0.9042564817655041],[1,2.8599411715934123e-22,50.55334182172249,-1.1256065475454096e-22]],[6,"关节_2_6",8388608,[-18,-19],[0,"d2MVdF+RBPGryxRLySOrUA",null,null,null,1,0],[1,-0.014521305449306965,-0.07176283001899719,-0.3781541585922241],[3,-1.2340483508198226e-32,0.003706611637400904,3.8976280703008316e-33,0.9999931304914899],[1,-1.4157610335801013e-30,0.42474737883665126,4.413906328937763e-31]],[2,"右中",8388608,2,[[3,"关节_2",8388608,-20,[0,"bcH8ky2A1HA6zlOSms2cuM",null,null,null,1,0],[1,1.4210854397564648e-16,-0.255092978477478,-0.5567312240600586]]],[0,"68LYY7PoZEfLgBGEiVIbZt",null,null,null,1,0],[1,-0.18642134964466095,-9.482224148090552e-17,-0.39705124497413635],[3,-6.893278578999689e-17,0.553660992524845,3.3417964622605694e-17,0.8327421601890969],[1,-8.698125046720174e-15,67.23707342721266,-1.1845153614688068e-15]],[1,"右上",8388608,2,[5],[0,"88ftzSOTJBw5uz34Ns+U5V",null,null,null,1,0],[1,-0.16488665342330933,-7.688592177610169e-17,-0.29479295015335083],[3,-6.647950777125982e-9,0.8922728491616837,-3.363911665928206e-9,0.4514965809935788],[1,0,126.32051270837835,-8.537736462515939e-7]],[2,"关节_1_2",8388608,5,[[3,"关节_2_2",8388608,-21,[0,"2a80wveytA1rFAdfcrV60o",null,null,null,1,0],[1,0,-0.22700020670890808,-0.391684889793396]]],[0,"54LEHGKuRISLH+4k0NJBnv",null,null,null,1,0],[1,0.005662025883793831,-0.06388142704963684,-0.3916644752025604],[3,-6.137454553578557e-25,-0.19746705442280815,1.1420641791487962e-24,0.9803095237819429],[1,-4.310252237130306e-23,-22.777756422528743,1.4218187169061486e-22]],[2,"关节_2_3",8388608,5,[[3,"关节_3",8388608,-22,[0,"7cdY/voMNL7brFInw0yVch",null,null,null,1,0],[1,2.8421708795129297e-16,0.08007225394248962,-0.4319491386413574]]],[0,"b72PjcYsFIIbc6K0R8ei0y",null,null,null,1,0],[1,5.804562941413849e-10,-0.061309829354286194,-0.3914182782173157],[3,1.2100313481589323e-24,0.3466273466648867,-8.880785832899348e-25,0.9380029224602984],[1,1.6533788821205668e-22,40.56233350056492,-4.7393963108576565e-23]],[1,"右下",8388608,2,[-23],[0,"5bEqli6kBE34twUdBhhoFa",null,null,null,1,0],[1,-0.31969088315963745,-1.5817383407441457e-16,-0.6450780630111694],[3,-5.357989918190344e-17,0.427495446701639,5.776861935096478e-17,0.9040175015171807],[1,-8.38042314837476e-15,50.61743917484845,3.359673249417916e-15]],[2,"关节_2_4",8388608,11,[[3,"关节_3_2",8388608,-24,[0,"caU/lRxe1FCK5ZgWIOsWDB",null,null,null,1,0],[1,0,-0.33178412914276123,-0.4133785367012024]]],[0,"c5StlqjJ5GUZVUuFfDL8oR",null,null,null,1,0],[1,7.10542746348012e-16,-0.25223925709724426,-0.29429447650909424],[3,2.8346334336394054e-32,-0.3823384540144909,4.682295436553281e-17,0.9240223517760862],[1,2.0514428396879995e-15,-44.95721460440916,4.957856101994049e-15]],[1,"身体",8388608,2,[-25],[0,"baANxawbtCkYyZ+Xi89l6X",null,null,null,1,0],[1,6.661337998858429e-18,-9.041549963325582e-17,-0.7301859259605408],[3,1.4247302727504614e-32,-0.009828569153352573,1.203652506780801e-18,0.9999516984476788],[1,1.3556389874285978e-18,-1.126289196176382,1.3792175512109945e-16]],[1,"关节_2_5",8388608,13,[-26],[0,"abyK4h63hDqbVwNKbKmiw+",null,null,null,1,0],[1,-0.0004998240619897842,-1.404068018450534e-16,-1.1787619590759277],[3,-2.377554000388716e-32,0.0010887297139981406,-1.333309298673159e-19,0.9999994073336294],[1,1.6634264847380794e-20,0.12475925993203087,-1.527859006479206e-17]],[2,"关节_3_3",8388608,14,[[3,"关节_4",8388608,-27,[0,"2bLAX7/lNKRYDaHQsZfRUV",null,null,null,1,0],[1,-4.440891999238953e-18,-9.429092682985046e-17,-0.7788591384887695]]],[0,"3cii3tRL5BYpandWBcJ1MN",null,null,null,1,0],[1,-0.0014977885875850916,-1.296203534224721e-16,-1.0892220735549927],[3,1.9262235373486188e-32,0.008392716815672607,-1.0278114160399792e-18,0.9999647805320204],[1,9.884817027963611e-19,0.9617457951246211,-1.1777436445235974e-16]],[1,"左上",8388608,2,[-28],[0,"ddgF3krIVLVqV7X7BnpMpu",null,null,null,1,0],[1,0.13807836174964905,-4.58841469840411e-18,-0.31016093492507935],[3,-8.204580073443488e-17,0.8961418171574416,-8.204580073443488e-17,-0.44376778109925746],[1,1.2597503396577804e-14,-127.31094264891186,-4.2531104062401194e-15]],[1,"关节_1_3",8388608,16,[6],[0,"f8VgOvStZG+6A5Ek6Gu8bM",null,null,null,1,0],[1,0.0273993331938982,-0.07347146421670914,-0.7540413737297058],[3,1.0784443663234425e-33,-0.41189793629441557,-3.5020155060068176e-32,0.9112299874764886],[1,-1.5403418851971648e-30,-48.648232154698235,-3.707681450790547e-30]],[7,"关节_2_7",8388608,6,[[5,"关节_3_4",8388608,-29,[0,"226bGGf6ZJ0alZ/ucW/IxQ",null,null,null,1,0],[1,-4.54966775365051e-9,-0.2158946543931961,-0.3370080590248108],[3,-2.2617020514570524e-10,-0.000146184580701254,-1.2904817521033282e-8,0.9999999893150341],[1,-2.61333714319897e-8,-0.016751519067806357,-0.000001478779354188131]]],[0,"ddRplnEI9JypG9WuWDn+hy",null,null,null,1,0],[3,4.0941733434935846e-11,0.19278052822113056,-8.043651837806048e-12,0.9812419008271009],[1,4.781264479615517e-9,22.23019461478006,8.926171883735796e-17]],[7,"关节_2_8",8388608,6,[[5,"关节_3_5",8388608,-30,[0,"7f3dOLMFZLcLw1KGMVfQbV",null,null,null,1,0],[1,0.3282110095024109,0.09305327385663986,-0.12950484454631805],[3,2.029064250635332e-11,-0.5625661036640172,1.3806829863248907e-11,0.82675230813605],[1,2.8123736513058483e-9,-68.4668946692059,8.730090360900287e-17]]],[0,"18xELUVAJKaZQSGpW1cE0U",null,null,null,1,0],[3,4.0941733434935846e-11,0.19278052822113056,-8.043651837806048e-12,0.9812419008271009],[1,4.781264479615517e-9,22.23019461478006,8.926171883735796e-17]],[1,"左下",8388608,2,[-31],[0,"05jb200WVLpI6N8i7ot5Yy",null,null,null,1,0],[1,0.2946823537349701,-2.8180399448214204e-18,-0.6056107878684998],[3,3.0864120071369377e-32,-0.4388422001241761,5.374266799439439e-17,0.898564145395404],[1,2.70259042942802e-15,-52.06006452700079,5.5337678529677e-15]],[2,"关节_1_4",8388608,20,[[5,"关节_2_9",8388608,-32,[0,"c1eSDYD6FI6J+t7GLag48U",null,null,null,1,0],[1,-0.17848989367485046,-0.258919894695282,-0.36615025997161865],[3,-0.2721866894669419,0.21589974498835907,0.06280967430220366,0.9356049652524505],[1,-32.44159577341943,25.988176387371443,7.216853264206599e-7]]],[0,"79sxeW5I5OAr9lF0lzZ6p8",null,null,null,1,0],[1,-0.025269828736782074,-0.2684045135974884,-0.3400265872478485],[3,-0.07771418084369201,0.08741266846315988,-0.030992188787056087,0.9926525150938424],[1,-8.585777508299422,9.741411269360686,-4.307850421579482]],[2,"左中",8388608,2,[[5,"关节_4_2",8388608,-33,[0,"88QwzCtyZDtLJefLs7zEvR",null,null,null,1,0],[1,0.03272093087434769,-0.2209821343421936,-0.48146575689315796],[3,-0.2129424366460931,-0.03314294670855344,-0.007227569828971778,0.9764757170524345],[1,-24.604066486559702,-3.8879048589745726,-7.564808497759916e-7]]],[0,"09nhr1QQROxpuIJgGT9M3/",null,null,null,1,0],[1,0.26952704787254333,1.8707867458078996e-17,-0.3820151686668396],[3,2.8723822574549923e-32,-0.5132503088170115,6.285503490246871e-17,0.8582389646824725],[1,3.6967656432198426e-15,-61.76114949124335,6.181600407846791e-15]]],0,[0,2,1,0,1,1,0,-1,3,0,-1,7,0,-2,8,0,-3,11,0,-4,13,0,-5,16,0,-6,20,0,-7,22,0,1,3,0,-2,4,0,1,4,0,1,4,0,1,4,0,-1,9,0,-2,10,0,-1,18,0,-2,19,0,0,7,0,0,9,0,0,10,0,-1,12,0,0,12,0,-1,14,0,-1,15,0,0,15,0,-1,17,0,0,18,0,0,19,0,-1,21,0,0,21,0,0,22,0,3,1,2,0,3,5,0,8,6,0,17,33],[0,0,0,0,0],[-1,4,5,-1,6],[1,2,3,0,0]],[[[18,"Skin-0",312282420,["关节","关节/右中","关节/右中/关节_2","关节/右上","关节/右上/关节_1","关节/右上/关节_1/关节_1_2","关节/右上/关节_1/关节_1_2/关节_2_2","关节/右上/关节_1/关节_2_3","关节/右上/关节_1/关节_2_3/关节_3","关节/右下","关节/右下/关节_2_4","关节/身体","关节/身体/关节_2_5","关节/身体/关节_2_5/关节_3_3","关节/身体/关节_2_5/关节_3_3/关节_4","关节/左上","关节/左上/关节_1_3","关节/左上/关节_1_3/关节_2_6","关节/左上/关节_1_3/关节_2_6/关节_2_7","关节/左上/关节_1_3/关节_2_6/关节_2_7/关节_3_4","关节/左上/关节_1_3/关节_2_6/关节_2_8","关节/左上/关节_1_3/关节_2_6/关节_2_8/关节_3_5","关节/左下","关节/左下/关节_1_4","关节/左下/关节_1_4/关节_2_9","关节/左中","关节/左中/关节_4_2"],[[[7,-0.9999382495880127,-1.7933646257064064e-16,-0.011110424995422363,0,-1.7827322446359968e-16,1,-9.668820212414754e-17,0,0.011110424995422363,-9.470154590336669e-17,-0.9999382495880127,0,0.009822060354053974,-0.12362578511238098,-1.398817539215088,1],[7,-0.3766500949859619,-4.649231498580846e-17,-0.9263556003570557,0,-4.934810124993221e-19,1,-4.998776187877584e-17,0,0.9263556003570557,-1.837075661687791e-17,-0.3766500949859619,0,0.9996727108955383,-0.12362578511238098,-0.2066437155008316,1],[7,-0.3766500949859619,-4.649231498580846e-17,-0.9263556003570557,0,-4.934810124993221e-19,1,-4.998776187877584e-17,0,0.9263556003570557,-1.837075661687791e-17,-0.3766500949859619,0,0.9996727108955383,0.13146719336509705,0.3500874936580658,1],[7,0.6012169718742371,8.958831010374979e-9,-0.7990858554840088,0,-1.4901161193847656e-8,1,-2.9706735861963896e-17,0,0.7990858554840088,1.1907307140290868e-8,0.6012169718742371,0,0.7860503196716309,-0.12362577021121979,0.7946812510490417,1],[7,0.9990561604499817,9.343977147580063e-9,-0.04343722388148308,0,-9.563791536493227e-9,1,-4.852684032385923e-9,0,0.04343722388148308,5.26352872398661e-9,0.9990561604499817,0,-0.6893061399459839,-0.04481813684105873,1.5850577354431152,1],[7,0.9043262004852295,8.958831010374979e-9,-0.42684197425842285,0,-1.3184243918828997e-8,1,-6.944085306770376e-9,0,0.42684197425842285,1.1907307140290868e-8,0.9043262004852295,0,0.12453312426805496,0.019063299521803856,2.0916268825531006,1],[7,0.9043262004852295,8.958831010374979e-9,-0.42684197425842285,0,-1.3184243918828997e-8,1,-6.944084862681166e-9,0,0.42684197425842285,1.1907307140290868e-8,0.9043262004852295,0,0.12453312426805496,0.2460635006427765,2.483311653137207,1],[7,0.7872280478477478,8.958831010374979e-9,0.6166619658470154,0,2.9014041169617144e-10,1,-1.489833678647301e-8,0,-0.6166619658470154,1.1907307140290868e-8,0.7872280478477478,0,-1.8089179992675781,0.01649170182645321,1.053288221359253,1],[7,0.7872280478477478,8.958831010374979e-9,0.6166619658470154,0,2.9014043945174706e-10,1,-1.489833589829459e-8,0,-0.6166619658470154,1.1907307140290868e-8,0.7872280478477478,0,-1.8089179992675781,-0.06358055025339127,1.4852373600006104,1],[7,-0.625868558883667,-2.5218616084288215e-9,-0.7799285650253296,0,2.0256744957111065e-17,1,-3.233452172679563e-9,0,0.7799285650253296,-2.02371608359897e-9,-0.625868558883667,0,0.7916598320007324,-0.12362578511238098,-0.2235548049211502,1],[7,-0.9939670562744141,8.038534575345423e-17,-0.10967912524938583,0,6.350539524788471e-17,1,1.5739621812416572e-16,0,0.10967912524938583,1.4948143638590314e-16,-0.9939670562744141,0,0.6101890206336975,0.12861347198486328,-0.5093119740486145,1],[7,-0.9999634623527527,-1.7692916846476431e-16,0.008546696044504642,0,-1.77732115994092e-16,1,-9.318900975736652e-17,0,-0.008546696044504642,-9.470462963269028e-17,-0.9999634623527527,0,-0.003322586650028825,-0.12362578511238098,-0.6686955094337463,1],[7,-0.9999797344207764,6.773354549256176e-17,0.00636929739266634,0,6.71289558741243e-17,1,-9.513611350997755e-17,0,-0.00636929739266634,-9.470662148360531e-17,-0.9999797344207764,0,-0.003933404106646776,-0.12362578511238098,0.510059118270874,1],[7,-0.9999457597732544,6.567792226102868e-17,-0.010416101664304733,0,6.666079149975399e-17,1,-9.401321251971436e-17,0,0.010416101664304733,-9.470245911076295e-17,-0.9999457597732544,0,-0.02927895449101925,-0.12362578511238098,1.5990149974822998,1],[7,-0.9999457597732544,6.567792226102868e-17,-0.010416101664304733,0,6.666079149975399e-17,1,-9.401321251971436e-17,0,0.010416101664304733,-9.470245911076295e-17,-0.9999457597732544,0,-0.02927895449101925,-0.12362578511238098,2.3778741359710693,1],[7,0.5972661375999451,-5.998226758289885e-17,0.8020431399345398,0,5.426408381360553e-17,1,3.4377414499467017e-17,0,-0.8020431399345398,2.2989668637286238e-17,0.5972661375999451,0,-0.7881301045417786,-0.12362578511238098,0.761888325214386,1],[7,0.996669590473175,-8.882824591688497e-17,0.08154569566249847,0,7.06028232792714e-17,1,2.263829223924106e-16,0,-0.08154569566249847,-2.198716213081892e-16,0.996669590473175,0,0.5991550087928772,-0.050154317170381546,1.6137361526489258,1],[7,0.9960377216339111,-5.551115123125783e-17,0.08893194049596786,0,5.775955386763006e-17,1,-2.2708885487077563e-17,0,-0.08893194049596786,2.7755575615628914e-17,0.9960377216339111,0,0.5988932251930237,0.021608509123325348,1.996384859085083,1],[7,0.8883580565452576,3.8315649264486495e-11,0.45915135741233826,0,4.8083621887180824e-17,1,-8.344893526190944e-11,0,-0.45915135741233826,7.413256120081257e-11,0.8883580565452576,0,-0.20091132819652557,0.021608509123325348,2.0745747089385986,1],[7,0.8884922862052917,1.855258346949995e-8,0.4588916003704071,0,-2.1073448763786473e-8,1,3.7266456587303765e-10,0,-0.4588916003704071,-1.0001538264248211e-8,0.8884922862052917,0,-0.2002062350511551,0.23750315606594086,2.4116413593292236,1],[7,0.8883580565452576,3.831553824218403e-11,0.45915135741233826,0,9.656626908441233e-17,1,-8.344878954513746e-11,0,-0.45915135741233826,7.413245017851011e-11,0.8883580565452576,0,-0.20091132819652557,0.021608509123325348,2.0745747089385986,1],[7,0.7531669735908508,6.025901565925862e-12,-0.6578294038772583,0,-7.762452486348437e-11,1,-7.971417970153993e-11,0,0.6578294038772583,1.1110178055329101e-10,0.7531669735908508,0,1.8560389280319214,-0.07144476473331451,1.3011751174926758,1],[7,-0.6235594153404236,3.617494526153564e-9,0.781775951385498,0,-3.655555302906066e-10,1,-4.918851548296743e-9,0,-0.781775951385498,-3.3529787835107072e-9,-0.6235594153404236,0,-0.8007091283798218,-0.12362578511238098,-0.2630346417427063,1],[7,-0.7447364926338196,-0.15474821627140045,0.6491691470146179,0,-0.07511536031961441,0.9860000014305115,0.148868128657341,0,-0.6631178259849548,0.062104951590299606,-0.7459341287612915,0,-0.7859649658203125,0.09327930957078934,-0.04186737537384033,1],[7,-0.9538887143135071,-0.2685677111148834,0.134043887257576,0,-0.13275191187858582,0.7779963612556458,0.6140835285186768,0,-0.2692086696624756,0.5679727792739868,-0.7777748107910156,0,-0.6881459951400757,0.2836593985557556,0.21029032766819,1],[7,-0.48290711641311646,-7.07369919746275e-17,0.8756715655326843,0,-6.164102940886369e-17,1,4.6787062599118256e-17,0,-0.8756715655326843,-3.1383490520612987e-17,-0.48290711641311646,0,-1.0186643600463867,-0.12362578511238098,-0.2523026168346405,1],[7,-0.4224211275577545,-0.3773752748966217,0.8241045475006104,0,-1.3548233646076824e-8,0.9092065691947937,0.4163452982902527,0,-0.906399667263031,0.1758730560541153,-0.3840680718421936,0,-1.033427357673645,-0.036355189979076385,0.3132272958755493,1]],8,8,8,8,8,8,8,8,8,8,8,8,8,8,8,8,8,8,8,8,8,8,8,8,8,8,8]]],0,0,[],[],[]],[[[19,".bin",3891845190,[{"primitives":[{"primitiveMode":7,"jointMapIndex":0,"vertexBundelIndices":[0],"indexView":{"offset":110016,"length":4416,"count":2208,"stride":2}}],"vertexBundles":[{"view":{"offset":0,"length":110016,"count":1528,"stride":72},"attributes":[{"name":"a_position","format":32,"isNormalized":false},{"name":"a_normal","format":32,"isNormalized":false},{"name":"a_texCoord","format":21,"isNormalized":false},{"name":"a_tangent","format":44,"isNormalized":false},{"name":"a_joints","format":42,"isNormalized":false},{"name":"a_weights","format":44,"isNormalized":false}]}],"jointMaps":[[0,1,3,4,5,7,9,10,11,12,13,15,17,18,20,22,23,25]]},"minPosition",8,[1,-0.9700387716293335,-0.5030973553657532,-2.345728635787964],"maxPosition",8,[1,0.9700387716293335,0.5030973553657532,2.3492231369018555]]],-1],0,0,[],[],[]],[[[20,"particleItem9_0",[{"rasterizerState":{},"depthStencilState":{},"blendState":{"targets":[{}]}},{}],[{"USE_TEXTURE":true},{}],[[[{},"mainColor",8,[4,4289713663],"mainTexture",6,0],{}],11,0]]],0,0,[0,0],[7,8],[4,5]]]]
