[1,["e2zYuaWH9OkqmJ/SOSmai/@af657","a8nURqNc5OwYw23t7L5SYB@6c48a","750y9YUBNIspO2vbCDJbyA","47ud+kvHtPBq1A2ZwM/GKY","e2zYuaWH9OkqmJ/SOSmai/@49b18","e2zYuaWH9OkqmJ/SOSmai/@438fe"],["_parent","node","mainTexture","_effectAsset","root","data","_mesh","_skeleton","_defaultClip"],[["cc.Node",["_name","_layer","_prefab","_lpos","_parent","_children","_lrot","_euler","_components","_lscale"],1,4,5,1,2,5,5,9,5],["cc.UITransform",["node","__prefab","_contentSize"],3,1,4,5],["cc.Material",["_name","_states","_defines","_props"],0,12],["cc.Skeleton",["_name","_hash","_joints","_bindposes"],0,12],["cc.Mesh",["_native","_hash","_struct"],1,11],["cc.Prefab",["_name"],2],["cc.Node",["_name","_layer","_children","_prefab","_lpos","_lrot","_euler"],1,12,4,5,5,5],["cc.Node",["_name","_layer","_parent","_children","_prefab","_lpos","_lrot","_euler"],1,1,9,4,5,5,5],["cc.CompPrefabInfo",["fileId"],2],["cc.PrefabInfo",["fileId","instance","targetOverrides","nestedPrefabInstanceRoots","root","asset"],-1,1,1],["cc.SkeletalAnimation",["playOnLoad","node","__prefab","_clips","_defaultClip"],2,1,4,3,6],["cc.SkinnedMeshRenderer",["node","__prefab","_materials","bakeSettings","_skinningRoot","_mesh","_skeleton"],3,1,4,3,4,1,6,6],["cc.ModelBakeSettings",[],3],["cc.UIMeshRenderer",["node","__prefab"],3,1,4]],[[9,0,1,2,3,4,5,5],[0,0,1,4,5,2,3,6,7,3],[7,0,1,2,3,4,5,6,7,3],[0,0,1,4,2,3,3],[8,0,2],[0,0,1,4,2,3,6,7,3],[2,0,1,2,3,4],[3,0,1,2,3,4],[4,0,1,2,3],[5,0,2],[0,0,1,5,8,2,6,7,3],[0,0,1,5,2,3,6,7,3],[0,0,1,4,5,8,2,3,9,3],[0,0,1,4,5,2,3,3],[0,0,1,4,8,2,3,3],[6,0,1,2,3,4,5,6,3],[1,0,1,2,1],[1,0,1,1],[10,0,1,2,3,4,2],[11,0,1,2,3,4,5,6,1],[12,1],[13,0,1,1]],[[[[6,"particleItem14_0",[{"rasterizerState":{},"depthStencilState":{},"blendState":{"targets":[{}]}},{}],[{"USE_TEXTURE":true},{}],[[[{},"mainTexture",6,0],{}],11,0]]],0,0,[0,0],[2,3],[1,2]],[[[7,"Skin-0",1650630608,["根对象/身体","根对象/身体/右腿","根对象/身体/右腿/关节_1","根对象/身体/右腿/关节_1/关节_2","根对象/右腿01","根对象/右腿01/关节_4","根对象/身体/左腿","根对象/身体/左腿/关节_1_2","根对象/身体/左腿/关节_1_2/关节_2_2","根对象/左腿01","根对象/左腿01/关节_4_2","根对象/身体/左手","根对象/身体/左手/关节_1_3","根对象/身体/左手/关节_1_3/关节_2_3","根对象/身体/左手/关节_1_3/关节_2_3/关节_3","根对象/身体/右手","根对象/身体/右手/关节_1_4","根对象/身体/右手/关节_1_4/关节_2_4","根对象/身体/右手/关节_1_4/关节_2_4/关节_3_2","根对象/身体/尾巴","根对象/身体/尾巴/关节_1_5","根对象/身体/尾巴/关节_1_5/关节_2_5","根对象/身体/尾巴/关节_1_5/关节_2_5/关节_3_3","根对象/身体/尾巴/关节_1_5/关节_2_5/关节_3_3/关节_4_3","根对象/身体/尾巴/关节_1_5/关节_2_5/关节_3_3/关节_4_3/关节_5","根对象/身体/上肢","根对象/身体/上肢/头","根对象/身体/上肢/头/下颚","根对象/身体/上肢/头/关节_3_4"],[[[7,-0.9459459185600281,4.243913220847162e-9,0.3243243396282196,0,3.2599460908500077e-9,1,-3.577222296158311e-9,0,-0.3243243396282196,-2.3265791515569845e-9,-0.9459459185600281,0,0.08915547281503677,0.39021632075309753,-1.332606554031372,1],[7,-1,1.2580601847719819e-16,-7.173785121494802e-9,0,-6.948761566150097e-9,0.2484973669052124,0.9686325788497925,0,1.7826667919607075e-9,0.9686325788497925,-0.2484973669052124,0,0.05553354695439339,1.0622098445892334,0.20104673504829407,1],[7,-1,1.430736162580566e-15,-4.322476892474475e-16,0,-1.4686100761467395e-15,-0.886914074420929,0.4619344174861908,0,2.775396890000709e-16,0.4619344174861908,0.886914074420929,0,-0.01525454968214035,-0.6061087250709534,1.2320019006729126,1],[7,-0.9615856409072876,0.015810547396540642,0.27404946088790894,0,0.2745051681995392,0.05538399890065193,0.9599893093109131,0,1.8345031101304164e-15,0.9983399510383606,-0.05759653449058533,0,0.358963280916214,1.37468683719635,1.2358860969543457,1],[7,-0.9615856409072876,0.27400991320610046,0.01648179069161415,0,0.2745051681995392,0.9598507881164551,0.0577353909611702,0,9.814663748386465e-9,0.06004185602068901,-0.9981958866119385,0,0.358963280916214,1.7397352457046509,-1.178536057472229,1],[7,-0.9615856409072876,0.27400991320610046,0.016481800004839897,0,0.2745051681995392,0.9598507881164551,0.0577353872358799,0,6.653129002581748e-12,0.06004185602068901,-0.9981958866119385,0,0.26396843791007996,1.7651365995407104,-0.6971538662910461,1],[7,-1,3.2877710902617756e-16,2.813451915884002e-9,0,2.0172308268229244e-9,0.6970784068107605,0.7169949412345886,0,-1.9611963164578583e-9,0.7169949412345886,-0.6970784068107605,0,0.7695363163948059,0.8935899138450623,-0.27873387932777405,1],[7,-1,1.4838860837398993e-17,-4.29293800507935e-9,0,-3.5249712038165626e-9,-0.5707710385322571,0.8211092352867126,0,-2.450284863897423e-9,0.8211092352867126,0.5707710385322571,0,0.8083173036575317,-0.2601056396961212,0.9608971476554871,1],[7,-1,9.969750372146118e-16,6.947276883107086e-17,0,5.526760808309853e-16,0.49375614523887634,0.8696004152297974,0,8.326672684688674e-16,0.8696004152297974,-0.49375614523887634,0,0.9080535173416138,1.2688136100769043,0.8965764045715332,1],[7,-1,2.019914270567913e-11,1.0318224497041228e-8,0,1.8526702394439098e-10,0.9998720288276672,0.015997951850295067,0,-1.0316580478786364e-8,0.015997951850295067,-0.9998720288276672,0,0.9080535173416138,1.7506556510925293,-0.44124510884284973,1],[7,-1,1.8838144037042464e-15,8.565929052041472e-17,0,1.884943710381173e-15,0.9998720288276672,0.015997951850295067,0,-5.551115123125783e-17,0.015997951850295067,-0.9998720288276672,0,1.060672402381897,1.7490124702453613,0.018728356808423996,1],[7,1,3.0071688195132396e-11,5.11084596865885e-9,0,-5.085206478128157e-9,0.10606498271226883,0.9943591952323914,0,-5.121797430618358e-10,-0.9943591952323914,0.10606498271226883,0,-0.4121535122394562,0.16266009211540222,0.1286483258008957,1],[7,1,7.0118525574233855e-16,1.2895345236074718e-8,0,-6.068397340186493e-9,-0.8823529481887817,0.47058823704719543,0,1.1378245901028095e-8,-0.47058823704719543,-0.8823529481887817,0,-0.551858127117157,-0.5078241229057312,0.37481945753097534,1],[7,1,-2.0372766302444487e-16,-8.14062872667165e-10,0,8.139748319813123e-10,-0.014704292640089989,0.9998918771743774,0,-1.1970422049423224e-11,-0.9998918771743774,-0.014704292640089989,0,-0.5041266679763794,0.21013501286506653,0.6962190270423889,1],[7,1,2.0406961886928883e-19,-1.3876283993460835e-17,0,1.3877784499092007e-17,-0.014704292640089989,0.9998918771743774,0,6.617444900424222e-24,-0.9998918771743774,-0.014704292640089989,0,-0.5575222969055176,0.21013501286506653,0.8905730247497559,1],[7,1,-6.86768281132899e-11,7.316930616951822e-9,0,-7.013101654962384e-9,0.27630743384361267,0.9610692858695984,0,-2.0877255479945234e-9,-0.9610692858695984,0.27630743384361267,0,0.22567768394947052,-0.03141363337635994,0.24482570588588715,1],[7,-1,6.326852248418505e-16,-4.247210583230299e-9,0,-8.78996098130358e-10,0.9783496856689453,0.2069585919380188,0,4.155257471438745e-9,0.2069585919380188,-0.9783496856689453,0,-0.2966007888317108,0.7168770432472229,-0.03747471421957016,1],[7,-1,1.1256402948146057e-15,-5.2302368742654373e-17,0,-1.3634247306633124e-16,-0.07478994876146317,0.997199296951294,0,1.1185760400345048e-15,0.997199296951294,0.07478994876146317,0,-0.3346496522426605,-0.01790781505405903,0.7257301807403564,1],[7,-1,1.172666399375862e-15,-4.877541619451607e-17,0,-1.3634247306633124e-16,-0.07478994876146317,0.997199296951294,0,1.1657341758564144e-15,0.997199296951294,0.07478994876146317,0,-0.3346496522426605,-0.01790781505405903,0.9549993276596069,1],[7,0.9818612337112427,-7.74272868042658e-10,-0.18960079550743103,0,1.8503511246976852e-18,1,-4.083700488877184e-9,0,0.18960079550743103,4.009627296852614e-9,0.9818612337112427,0,-0.26904481649398804,0.3902163505554199,1.3100248575210571,1],[7,0.9898197054862976,2.692655542979594e-10,-0.14232701063156128,0,1.484016281968315e-17,1,1.8918795419153867e-9,0,0.14232701063156128,-1.8726196149287944e-9,0.9898197054862976,0,-0.3600643277168274,0.6073384284973145,1.8905656337738037,1],[7,0.9979028701782227,-3.6947699131976985e-14,-0.06472883373498917,0,-0.002282817382365465,0.9993779063224792,-0.03519343584775925,0,0.06468857079744339,0.03526739403605461,0.997282087802887,0,-0.5566192269325256,0.7708925604820251,2.4526443481445312,1],[7,0.9985422492027283,-3.761158322724417e-14,0.05397525802254677,0,0.01485916506499052,0.9613595604896545,-0.2748945355415344,0,-0.051889628171920776,0.27529585361480713,0.9599581360816956,0,-0.9168596863746643,1.5098098516464233,2.833066463470459,1],[7,0.9998740553855896,1.4899269373813695e-8,0.015871016308665276,0,0.007305980660021305,0.8877449631690979,-0.46027761697769165,0,-0.014089422300457954,0.4603355824947357,0.8876331448554993,0,-0.7795650362968445,2.168529987335205,3.095271110534668,1],[7,0.9998740553855896,1.4897437061733854e-8,0.015871016308665276,0,0.007305980660021305,0.8877449631690979,-0.46027761697769165,0,-0.014089422300457954,0.4603355824947357,0.8876331448554993,0,-0.7795650362968445,2.168529987335205,3.6035239696502686,1],[7,-0.8986656069755554,2.0768300967866082e-10,0.43863439559936523,0,-0.26234063506126404,0.801432728767395,-0.5374783873558044,0,-0.35153594613075256,-0.5980849862098694,-0.7202200293540955,0,-0.03466010466217995,0.07871820032596588,0.17081564664840698,1],[7,-0.9876355528831482,-1.9881035484559106e-8,0.15676754713058472,0,0.033974092453718185,0.9762345552444458,0.21403691172599792,0,-0.15304189920425415,0.21671649813652039,-0.9641639590263367,0,-0.13195474445819855,-0.5635421872138977,0.6572588682174683,1],[7,0.9851113557815552,0.10048038512468338,0.13949669897556305,0,-2.396729487441694e-15,-0.8114163875579834,0.5844684839248657,0,0.17191752791404724,-0.5757665634155273,-0.7993354797363281,0,0.09270117431879044,0.7746119499206543,0.38485923409461975,1],[7,-0.9876355528831482,-9.047883969826032e-12,0.15676754713058472,0,0.033974114805459976,0.9762345552444458,0.21403692662715912,0,-0.15304189920425415,0.21671651303768158,-0.9641639590263367,0,-0.13195475935935974,-0.5635421872138977,1.6438108682632446,1]],8,8,8,8,8,8,8,8,8,8,8,8,8,8,8,8,8,8,8,8,8,8,8,8,8,8,8,8,8]]],0,0,[],[],[]],[[[8,".bin",3833015765,[{"primitives":[{"primitiveMode":7,"jointMapIndex":0,"vertexBundelIndices":[0],"indexView":{"offset":182736,"length":6984,"count":3492,"stride":2}}],"vertexBundles":[{"view":{"offset":0,"length":182736,"count":2538,"stride":72},"attributes":[{"name":"a_position","format":32,"isNormalized":false},{"name":"a_normal","format":32,"isNormalized":false},{"name":"a_texCoord","format":21,"isNormalized":false},{"name":"a_tangent","format":44,"isNormalized":false},{"name":"a_joints","format":42,"isNormalized":false},{"name":"a_weights","format":44,"isNormalized":false}]}],"jointMaps":[[0,1,2,3,4,6,7,8,9,11,12,13,15,16,17,19,20,21,22,23,25,26,27]]},"minPosition",8,[1,-0.666338324546814,-1.7895150184631348,-4.348587989807129],"maxPosition",8,[1,1.329461693763733,0.807696521282196,1.7974365949630737]]],-1],0,0,[],[],[]],[[[9,"particleItem11"],[10,"particleItem11",8388608,[-3],[[16,-2,[4,"60yPJE6fFBjLi1RvqxcIFK"],[5,0,0]]],[0,"77cDWOKdZNooLcU0P13PnU",null,null,null,-1,0],[3,0,-0.13068192640375514,0,-0.9914243461361051],[1,0,-344.982,0]],[11,"身体",8388608,[-4,-5,-6,-7,-8,-9],[0,"c9GuSxPUFHG6ZXvsytF0l3",null,null,null,1,0],[1,0,1.4144618511199951,0],[3,7.046574263025063e-17,0.986393924637612,-7.046574263025063e-17,0.16439898247254828],[1,9.292398751752079e-15,161.07535614538685,6.637427748579248e-15]],[12,"PI14",8388608,1,[-11,-12],[[18,true,-10,[4,"18HXAMi21SUIptW8pPMBv9"],[3],4]],[0,"36Z0OsnpVHU6VBe5YnUvHD",null,null,null,1,0],[1,0,-103.123,0],[1,100,100,100]],[13,"根对象",8388608,3,[-13,-14,2],[0,"14bt7b0QNA8YaGpxojATxp",null,null,null,1,0],[1,0.19106563925743103,0,-0.4724738895893097]],[14,"1",8388608,3,[[19,-15,[4,"a7ALVuvENePrE3+A00vHAz"],[0],[20],3,1,2],[17,-16,[4,"fczGw3FnFMqLzOj1r+aFR5"]],[21,-17,[4,"85qtMN4KdJbJFdonRNXZ5T"]]],[0,"f0Tts8djdNTKTnIR7MqsUh",null,null,null,1,0],[1,-0.3254673480987549,1.8046780824661255,0.7591845393180847]],[15,"头",8388608,[[-18,[3,"关节_3_4",8388608,-19,[0,"78kNzzerNEqpUwnN1mWiS+",null,null,null,1,0],[1,-2.8421708795129297e-16,-5.693692739505707e-11,-0.9865520596504211]]],1,4],[0,"a4CT3LzoZJfLK17YetjzSj",null,null,null,1,0],[1,-0.192148357629776,-0.029499925673007965,-0.6838581562042236],[3,-0.39734618890911866,0.1343473312414564,0.1254204332172061,0.899075367074032],[1,-48.8962897127882,20.101216967514972,6.8205466030536925]],[2,"右腿01",8388608,4,[[3,"关节_4",8388608,-20,[0,"1ax47UZTNJ77nktorcHl++",null,null,null,1,0],[1,0.09499485045671463,-0.025401312857866287,-0.48138222098350525]]],[0,"24p8xb5jJFR7Iazb/kSeRw",null,null,null,1,0],[1,-0.6286394000053406,0.10429783910512924,-0.049208369106054306],[3,0.1385274863763084,0.9899030587069834,0.029744640771778012,0.004162478369718512],[1,-3.4422153419004173,-179.9999999702917,15.932528765258397]],[2,"左腿01",8388608,4,[[3,"关节_4_2",8388608,-21,[0,"624nmkSElL3Kw1aZ0/YNOy",null,null,null,1,0],[1,-0.15261884033679962,0.0016431676922366023,-0.45997345447540283]]],[0,"8fwUQpfS1PR7uEGKMQDkDL",null,null,null,1,0],[1,0.39152050018310547,0.06130550056695938,0.7624629139900208],[3,-6.074056801137257e-17,0.9999680054742793,0.007999251701971325,-6.172019471499732e-17],[1,-0.9166564995890981,-180,-7.0167093055203e-15]],[1,"右腿",8388608,2,[-22],[0,"11023frZVBHL7DgY0MD7YW",null,null,null,1,0],[1,0.3541150391101837,-0.06848041713237762,-0.38857945799827576],[3,-0.6046452486916679,0.12989066465231636,0.10077420563175113,0.7793440177162203],[1,-75.61138818230259,18.924643800385592,1.2235899033811835e-7]],[2,"关节_1",8388608,9,[[5,"关节_2",8388608,-23,[0,"63ot1XD2VIZ4KWQNnFR/ng",null,null,null,1,0],[1,7.105427198782324e-17,-1.4210854397564648e-16,-0.5508139729499817],[3,0.5378592026754272,-0.12051158426266037,-0.06844081745481934,0.8315649647874624],[1,64.8601182236772,-7.512195384681834,-14.090990520024189]]],[0,"e0way7tslFbLUxRmGjp8pj",null,null,null,1,0],[1,0.07078810036182404,5.684341759025859e-16,-0.6689571142196655],[3,-0.6216715784147101,4.555415341929545e-16,3.6943862049438425e-16,0.7832780148780911],[1,-76.87661000074876,6.720624870718431e-14,7.077088380764975e-16]],[1,"左腿",8388608,2,[-24],[0,"18J9fizDBKsL/+QNrksfMr",null,null,null,1,0],[1,-0.36797383427619934,-0.03283512592315674,-0.2931634187698364],[3,-0.3838844618810271,0.1514380731707916,0.06398074364683785,0.9086284688270722],[1,-45.806931417267656,18.924643898875868,2.1850029233634186e-7]],[2,"关节_1_2",8388608,11,[[5,"关节_2_2",8388608,-25,[0,"9dN5oZrAdO9rkUv5vFKk06",null,null,null,1,0],[1,-0.09973618388175964,2.220446049250313e-15,-0.570795476436615],[3,0.5328155271662985,-5.890354588979167e-16,4.806405974255646e-16,0.8462314187091492],[1,64.39177356352856,-8.646541441803064e-14,1.0643944228881151e-14]]],[0,"fbwVEFIXxDJrYUIkwb3iJb",null,null,null,1,0],[1,-0.03878100588917732,1.1368683518051719e-15,-0.7174538969993591],[3,-0.636058571251641,6.113272383451282e-16,5.220031138720292e-16,0.7716407803747292],[1,-78.99708201507075,9.210291767480498e-14,1.59957902972028e-15]],[1,"左手",8388608,2,[-26],[0,"29sFSQBuhDiJ1FVDaFcOrA",null,null,null,1,0],[1,-0.3487510681152344,0.245041161775589,-1.3390272855758667],[3,0.10990997279477982,0.7335432088808516,0.6594598814721621,-0.12225720148014194],[1,-83.91147508261103,-161.07535614697824,-6.262798544945184e-7]],[1,"关节_1_3",8388608,13,[-27],[0,"29BK3xi0hFVpb1cO1mkD74",null,null,null,1,0],[1,0.1397046148777008,0.005196680314838886,-0.4825637936592102],[3,-0.5593089474127328,3.4284952586023137e-25,2.3132475886362675e-25,0.8289592881101344],[1,-68.01604062893179,4.739395799433465e-23,0]],[2,"关节_2_3",8388608,14,[[3,"关节_3",8388608,-28,[0,"a090W7A99OALl/LL9R7qr5",null,null,null,1,0],[1,0.05339563265442848,-4.2632563192693945e-16,-0.19435399770736694]]],[0,"7aDwQSro5GSIvaiDLplMIO",null,null,null,1,0],[1,-0.047731462866067886,-8.526512638538789e-16,-0.1457497477531433],[3,0.508177281900227,1.763297399205995e-24,1.3606740332810958e-24,0.8612524892042386],[1,61.08499099636943,9.478791941902368e-23,2.3696979527572546e-22]],[1,"右手",8388608,2,[-29],[0,"7aU67hBx9NzIbRKPiIjmNv",null,null,null,1,0],[1,0.334365576505661,0.16360168159008026,-1.313249945640564],[3,0.09889200933936883,0.7879760749125624,0.593352070937374,-0.13132934085170672],[1,-73.96005932146917,-161.0753562013137,1.1347450522423053e-7]],[1,"关节_1_4",8388608,16,[-30],[0,"0bUAROiJJDmrbeR+PfA/PU",null,null,null,1,0],[1,-0.0709231048822403,-0.04523666203022003,-0.47289708256721497],[3,-1.8756180175686605e-17,0.7319234172284029,0.6813869028039042,-6.971700699935476e-17],[1,-85.90423162426391,-180,-7.016709642655731e-15]],[2,"关节_2_4",8388608,17,[[3,"关节_3_2",8388608,-31,[0,"f3tr9PSQFMVoq/XrSGhOpt",null,null,null,1,0],[1,0,-2.8421708795129297e-16,-0.22926916182041168]]],[0,"78oqEkXfZBx5dfVTTEvtOQ",null,null,null,1,0],[1,0.03804885968565941,-1.4210854397564648e-16,-0.1518961787223816],[3,-0.6583281178173297,6.215802540988806e-16,6.506440192448605e-16,0.7527310869700361],[1,-82.34497972027678,1.0269925079654195e-13,9.23106296320357e-15]],[1,"尾巴",8388608,2,[-32],[0,"d3TRst6URPI7Kjmf3WKoFX",null,null,null,1,0],[1,0.0049364157021045685,0,0.002105953637510538],[3,5.681458934708792e-17,0.9975669978959385,-5.681458934708792e-17,-0.06971430777741855],[1,6.040759301253698e-15,-172.00484365562505,6.948505450231531e-15]],[1,"关节_1_5",8388608,19,[-33],[0,"51zehmg35GRLZRurNy8rPs",null,null,null,1,0],[1,1.77635686587003e-16,-0.21712207794189453,-0.595624566078186],[3,1.458168224298075e-17,0.10966166951543956,-1.6087540159713143e-18,0.9939689724730276],[1,1.681076318459884e-15,12.59162534727394,4.915066250983953e-24]],[1,"关节_2_5",8388608,20,[-34],[0,"c5TDNnrsVHO4orJGBJXVjd",null,null,null,1,0],[1,-9.94759834299305e-16,-0.07802824676036835,-0.6234333515167236],[3,0.017078126097637775,0.18639034303784793,-0.0044024531438199115,0.9823174619426975],[1,2.016856888531659,21.490090555122062,-0.1307959294026493]],[1,"关节_3_3",8388608,21,[-35],[0,"03OHtqjHBJBqWEgQHYcD3J",null,null,null,1,0],[1,-3.126388020403782e-15,-5.995147434045833e-11,-0.7477185726165771],[3,0.11854454175476885,0.2674324820779164,-0.03393916426226767,0.9556543267724871],[1,14.165780054557759,31.278147030035505,-0.08381781214826133]],[2,"关节_4_3",8388608,22,[[3,"关节_5",8388608,-36,[0,"11qAGodkJFaLIFp684w263",null,null,null,1,0],[1,2.8421708795129297e-16,-5.866525321085447e-11,-0.5082530379295349]]],[0,"260oKtyOxNr7T9g3OkWdEi",null,null,null,1,0],[1,1.421085492696024e-15,4.2632563192693945e-16,-0.597791850566864],[3,0.10034503233778931,0.09666409527552701,-0.04247319406683865,0.9893346021217759],[1,11.957976773329728,11.54917725775388,-3.7062335788908514]],[1,"上肢",8388608,2,[6],[0,"5cUw91EhRB9KvJOuJ4KmCd",null,null,null,1,0],[1,0.13827772438526154,0.4098459482192993,-1.5163933038711548],[3,0.2911696163539432,-0.05870043169352294,-0.12043208742809301,0.9472436994506765],[1,33.84765680513393,-2.439574896037455,-15.208992671049556]],[2,"下颚",8388608,6,[[3,"关节_1_6",8388608,-37,[0,"c5Ukr/MxNLP5APZTvegcP/",null,null,null,1,0],[1,-1.4210854397564648e-16,2.2737367036103438e-15,-0.9192515015602112]]],[0,"a0loqIyK1Cup3PI3qlvwe6",null,null,null,1,0],[1,-0.011054940521717072,-0.009669346734881401,-0.002545601222664118],[3,-0.0013281205510739657,0.19463283740477805,0.980656416145702,0.02071927054302138],[1,-157.53626722572173,179.38814057796083,2.2993226146363384]]],0,[0,4,1,0,1,1,0,-1,3,0,-1,9,0,-2,11,0,-3,13,0,-4,16,0,-5,19,0,-6,24,0,1,3,0,-1,4,0,-2,5,0,-1,7,0,-2,8,0,1,5,0,1,5,0,1,5,0,-1,25,0,0,6,0,0,7,0,0,8,0,-1,10,0,0,10,0,-1,12,0,0,12,0,-1,14,0,-1,15,0,0,15,0,-1,17,0,-1,18,0,0,18,0,-1,20,0,-1,21,0,-1,22,0,-1,23,0,0,23,0,0,25,0,5,1,2,0,4,6,0,24,37],[0,0,0,0,0],[-1,6,7,-1,8],[3,4,5,0,0]]]]
