[1,["750y9YUBNIspO2vbCDJbyA","20aXnu1qFFZ7W3dlEN0fSg@af657","c2P2pzPDlKH4GhVnNjbTFy@6c48a","0a0tvaeP1IMKNSdA2Sdq4Z","20aXnu1qFFZ7W3dlEN0fSg@59d3d","20aXnu1qFFZ7W3dlEN0fSg@438fe","b7UlSsDURDVJajSM817EHT","20aXnu1qFFZ7W3dlEN0fSg@ee562"],["node","_parent","_effectAsset","_mesh","mainTexture","root","target","data","_skeleton","_defaultClip"],[["cc.Node",["_name","_layer","_prefab","_lpos","_children","_components","_lrot","_euler","_parent","_lscale"],1,4,5,2,9,5,5,1,5],["cc.Material",["_name","_states","_defines","_techIdx","_props"],-1,12],["cc.UITransform",["node","__prefab","_contentSize"],3,1,4,5],["cc.Prefab",["_name"],2],["cc.Node",["_name","_layer","_parent","_children","_prefab","_lpos","_lrot","_euler"],1,1,9,4,5,5,5],["cc.CompPrefabInfo",["fileId"],2],["cc.PrefabInfo",["fileId","instance","targetOverrides","nestedPrefabInstanceRoots","root","asset"],-1,1,1],["cc.SkeletalAnimation",["playOnLoad","node","__prefab","_clips","_sockets","_defaultClip"],2,1,4,3,9,6],["cc.SkeletalAnimation.Socket",["path","target"],2,1],["cc.SkinnedMeshRenderer",["node","__prefab","_materials","bakeSettings","_skinningRoot","_mesh","_skeleton"],3,1,4,3,4,1,6,6],["cc.ModelBakeSettings",[],3],["cc.UIMeshRenderer",["node","__prefab"],3,1,4],["cc.MeshRenderer",["node","__prefab","_materials","bakeSettings","_mesh"],3,1,4,3,4,6],["cc.Skeleton",["_name","_hash","_joints","_bindposes"],0,12],["cc.Mesh",["_native","_hash","_struct"],1,11]],[[6,0,1,2,3,4,5,5],[0,0,1,8,4,2,3,6,7,3],[5,0,2],[0,0,1,8,2,3,3],[4,0,1,2,3,4,5,6,7,3],[2,0,1,1],[10,1],[11,0,1,1],[14,0,1,2,3],[1,0,1,2,4,4],[1,0,3,1,2,4,5],[3,0,2],[0,0,1,4,5,2,6,7,3],[0,0,1,8,4,5,2,3,9,3],[0,0,1,8,5,2,3,3],[0,0,1,4,2,3,6,7,3],[0,0,1,5,2,3,6,9,7,3],[2,0,1,2,1],[7,0,1,2,3,4,5,2],[8,0,1,2],[9,0,1,2,3,4,5,6,1],[12,0,1,2,3,4,1],[13,0,1,2,3,4]],[[[[9,"particleItem18_0",[{"rasterizerState":{},"depthStencilState":{},"blendState":{"targets":[{}]}},{}],[{"USE_TEXTURE":true},{}],[[[{"emissive":0.8,"specularGloss":30},"mainTexture",6,0],{}],11,0]]],0,0,[0,0],[4,2],[2,0]],[[[11,"particleItem15"],[12,"particleItem15",8388608,[-3],[[17,-2,[2,"60yPJE6fFBjLi1RvqxcIFK"],[5,0,0]]],[0,"147J4hoppI14VPnn1gqhQ/",null,null,null,-1,0],[3,0,-0.13068192640375514,0,-0.9914243461361051],[1,0,15.017999999999974,0]],[13,"PI18",8388608,1,[-6,-7,-8],[[18,true,-5,[2,"4fUT4U5ftZt7A3nmjtpHoO"],[5],[[19,"mixamorig_Hips/mixamorig_Spine/mixamorig_Spine1/mixamorig_Spine2/mixamorig_Neck/mixamorig_Head",-4]],6]],[0,"01kyIk5YpM5KIiYlwLZVDy",null,null,null,1,0],[1,0,-129.96,0],[1,180,180,180]],[14,"对称_1",8388608,2,[[20,-9,[2,"fdGg9Js5pT0InIl9coPcaH"],[0],[6],2,1,2],[5,-10,[2,"621ZTRd5BIfrFqF/bIf5lk"]],[7,-11,[2,"47v7zw+BRPs4GQn8IfbMEb"]]],[0,"ed0JsghVlMtLpZHniZjouG",null,null,null,1,0],[1,1.776356799695581e-17,0.5448929667472839,0.0019328187918290496]],[15,"mixamorig_Spine2",8388608,[-12,-13,-14],[0,"17i91ZqItCnpnCQ7xW0QN6",null,null,null,1,0],[1,2.2204459996194763e-18,0.1203574538230896,-1.776356799695581e-17],[3,0.01904650811217767,0.00404528954691756,0.002183372193393999,0.9998080310975099],[1,2.181687407618393,0.4587112730393535,0.25897799936121657]],[16,"胶囊",8388608,[[21,-15,[2,"8f0uVaD6heALkyk7E6y7YM"],[3],[6],4],[5,-16,[2,"69ZgoB1LJHr4j65djzFLqa"]],[7,-17,[2,"05U3tVWmZFSLt3DtVeDUfT"]]],[0,"8e306PsMhBY7dWTaATxcXk",null,null,null,1,0],[1,0.004314920399338007,0.3485190272331238,0.002715639304369688],[3,0.00859446443870697,-0.0563827599333766,0.0030228050638172435,0.9983676588375914],[1,1.071,1.071,1.071],[1,1.0028398446992914,-6.467225681738001,0.29029502887036496]],[1,"mixamorig_Head Socket",8388608,2,[5],[0,"4bXUVnUo5I2o9Xyww4NSA+",null,null,null,1,0],[1,0.009194955194225703,0.8641538890659646,0.005831781060623587],[3,0.16234499662341553,-0.07077329860815583,-0.034147099250242896,0.9836001310940631],[1,18.410188463828536,-7.392278806611163,-5.1724415992806]],[1,"mixamorig_Hips",8388608,2,[-18],[0,"2bwDgXpZxDlrvBcYnBpT4T",null,null,null,1,0],[1,0.0022708068136125803,0.39056098461151123,-0.014215259812772274],[3,-0.0442539089744737,-0.07581981421714648,-0.013145077302703362,0.9960522849003773],[1,-5.173319899784137,-8.756372653909796,-1.1159472427236525]],[1,"mixamorig_Spine",8388608,7,[-19],[0,"f1jQCOtQpPKbwO6F0BXleT",null,null,null,1,0],[1,0,0.09026527404785156,0.0007093098829500377],[3,0.05588408709594367,0.010674856889736505,-0.0026889669965160902,0.9983765750939514],[1,6.410157599650002,1.2385896341293976,-0.2392732597812174]],[1,"mixamorig_Spine1",8388608,8,[4],[0,"c4UJ6UcRxFRqTHToNQTfGm",null,null,null,1,0],[1,1.1102229998097382e-18,0.105312779545784,-8.881783998477905e-18],[3,0.019058473741214783,0.003977175871482245,0.0022040831775869095,0.9998080309079782],[1,2.1830673073056026,0.45085904582479086,0.2612076611980085]],[1,"mixamorig_Neck",8388608,4,[-20],[0,"ceyTal1JtGPoWwSsnP2br2",null,null,null,1,0],[1,1.1102229998097382e-18,0.13540205359458923,1.1544835920584973e-10],[3,0.027834312757603695,-0.007103565089621061,0.009017063229396266,0.999546638715296],[1,3.197627638425498,-0.8425614996619974,1.0102058536517726]],[4,"mixamorig_Head",8388608,10,[[3,"mixamorig_HeadTop_End",8388608,-21,[0,"d20ZhEJQlOpakKAY/97nna",null,null,null,1,0],[1,-2.6645351995433716e-17,0.31561562418937683,-0.001876751659438014]]],[0,"5d+6EdQp9N8JZLppKFdbVn",null,null,null,1,0],[1,0,0.023815613240003586,-0.00014161526632960886],[3,0.08334332702591792,-0.008942371232203046,-0.04438863693628034,0.99549162364529],[1,9.544420702737341,-0.5986023015024163,-5.155990635382692]],[1,"mixamorig_LeftShoulder",8388608,4,[-22],[0,"d1rKsdrBRF4I0MeaO/23Tp",null,null,null,1,0],[1,0.12210991233587265,0.1213267594575882,0.0006506204372271895],[3,0.5505340175620331,0.44788057232627543,-0.546622760717675,0.4444309236597767],[1,101.75772123148091,89.93049258789053,0.41682272986986224]],[1,"mixamorig_LeftArm",8388608,12,[-23],[0,"d9sFw81bNPWbEWMaOV5BU0",null,null,null,1,0],[1,-3.552713599391162e-17,0.2416788935661316,-1.4210854397564648e-16],[3,0.43515537104485624,0.29582793142835884,0.12839103015143508,0.8406196413445768],[1,48.09798319676542,25.960930843936445,28.24990912084544]],[4,"mixamorig_LeftForeArm",8388608,13,[[3,"mixamorig_LeftHand",8388608,-24,[0,"ddl0LVVx5BorSHQNufTfwQ",null,null,null,1,0],[1,-1.5099033293720807e-16,0.4444272220134735,0]]],[0,"3aqJw+pgpMx5Gl0/Vik1uW",null,null,null,1,0],[1,-2.1316281596346973e-16,0.3986271321773529,6.394884875950786e-16],[3,-0.00552007095253222,-0.000007778056967011848,0.6384693441457389,0.7696274588021733],[1,-2.631530120076422,2.1816735614691107,79.34774216409869]],[1,"mixamorig_RightShoulder",8388608,4,[-25],[0,"c0lNCWwotCdKgFGxkWcK1I",null,null,null,1,0],[1,-0.12210991233587265,0.1213182732462883,-0.0004293444799259305],[3,0.5768411218095072,-0.414872739951893,0.5756878315260362,0.4046213667951906],[1,109.16872150031817,-90.40521719197415,-0.7311208039663212]],[1,"mixamorig_RightArm",8388608,15,[-26],[0,"45FKp/M0hCQJrZE0ZsImtT",null,null,null,1,0],[1,0,0.2416788935661316,5.684341759025859e-16],[3,0.3149488858295287,-0.33163916980070224,-0.21911366228000748,0.8618653394648624],[1,29.39831109365236,-32.373232876916894,-35.915517210187936]],[4,"mixamorig_RightForeArm",8388608,16,[[3,"mixamorig_RightHand",8388608,-27,[0,"b5nLl0ERNFOq2HNefiekqB",null,null,null,1,0],[1,-3.8191672682380095e-16,0.44442689418792725,-2.8421708795129297e-16]]],[0,"3793S5HIhF97aQtMPuSwku",null,null,null,1,0],[1,3.55271373174006e-16,0.3986274302005768,1.4210854397564648e-16],[3,-0.004668878337146747,-0.000015842064201614445,-0.6456820293757942,0.7635921151146454],[1,-2.464413054520607,-2.086064565489176,-80.42725824703952]]],0,[0,5,1,0,0,1,0,-1,2,0,6,6,0,0,2,0,-1,3,0,-2,7,0,-3,6,0,0,3,0,0,3,0,0,3,0,-1,10,0,-2,12,0,-3,15,0,0,5,0,0,5,0,0,5,0,-1,8,0,-1,9,0,-1,11,0,1,11,0,-1,13,0,-1,14,0,1,14,0,-1,16,0,-1,17,0,1,17,0,7,1,4,1,9,5,1,6,27],[0,0,0,0,0,0,0],[-1,3,8,-1,3,-1,9],[3,4,5,6,7,1,1]],[[[22,"Skin-0",1003227580,["mixamorig_Hips/mixamorig_Spine/mixamorig_Spine1/mixamorig_Spine2/mixamorig_LeftShoulder","mixamorig_Hips/mixamorig_Spine/mixamorig_Spine1/mixamorig_Spine2/mixamorig_LeftShoulder/mixamorig_LeftArm","mixamorig_Hips/mixamorig_Spine/mixamorig_Spine1/mixamorig_Spine2","mixamorig_Hips/mixamorig_Spine/mixamorig_Spine1/mixamorig_Spine2/mixamorig_LeftShoulder/mixamorig_LeftArm/mixamorig_LeftForeArm","mixamorig_Hips/mixamorig_Spine/mixamorig_Spine1/mixamorig_Spine2/mixamorig_LeftShoulder/mixamorig_LeftArm/mixamorig_LeftForeArm/mixamorig_LeftHand","mixamorig_Hips/mixamorig_Spine/mixamorig_Spine1/mixamorig_Spine2/mixamorig_RightShoulder","mixamorig_Hips/mixamorig_Spine/mixamorig_Spine1/mixamorig_Spine2/mixamorig_RightShoulder/mixamorig_RightArm","mixamorig_Hips/mixamorig_Spine/mixamorig_Spine1/mixamorig_Spine2/mixamorig_RightShoulder/mixamorig_RightArm/mixamorig_RightForeArm","mixamorig_Hips/mixamorig_Spine/mixamorig_Spine1/mixamorig_Spine2/mixamorig_RightShoulder/mixamorig_RightArm/mixamorig_RightForeArm/mixamorig_RightHand","mixamorig_Hips","mixamorig_Hips/mixamorig_Spine/mixamorig_Spine1/mixamorig_Spine2/mixamorig_Neck","mixamorig_Hips/mixamorig_Spine/mixamorig_Spine1/mixamorig_Spine2/mixamorig_Neck/mixamorig_Head","mixamorig_Hips/mixamorig_Spine","mixamorig_Hips/mixamorig_Spine/mixamorig_Spine1"],[[[7,0.005387014709413052,0.9935482740402222,-0.11328202486038208,0,0.007798387203365564,-0.11332195997238159,-0.9935277104377747,0,-0.9999550580978394,0.004468731582164764,-0.008358540944755077,0,-0.0033536171540617943,-0.09628044068813324,0.23333428800106049,1],[7,-0.0027252384461462498,0.9995037317276001,-0.031381648033857346,0,0.008723372593522072,-0.0313568077981472,-0.9994701743125916,0,-0.9999582171440125,-0.002997548319399357,-0.008633589372038841,0,-0.000594151730183512,-0.3559803068637848,0.2048177570104599,1],[7,1,6.82963037602418e-18,-1.39318837655142e-17,0,-6.938893903907228e-18,0.9999691247940063,-0.007857817225158215,0,1.3877787807814457e-17,0.007857817225158215,0.9999691247940063,0,1.9878372692594608e-17,-0.09959832578897476,0.003359573893249035,1],[7,-0.0012930153170600533,0.9999949336051941,-0.002899419516324997,0,0.008678431622684002,-0.0028880916070193052,-0.9999581575393677,0,-0.9999614953994751,-0.0013181236572563648,-0.008674653246998787,0,-0.0016754517564550042,-0.7601335644721985,0.18324080109596252,1],[7,-0.0012930153170600533,0.9999949336051941,-0.002899419516324997,0,0.008678431622684002,-0.0028880916070193052,-0.9999581575393677,0,-0.9999614953994751,-0.0013181236572563648,-0.008674653246998787,0,-0.0016754517564550042,-1.2045607566833496,0.18324080109596252,1],[7,-0.003592553548514843,-0.9935482740402222,0.11335324496030807,0,-0.007934791035950184,-0.11332208663225174,-0.9935266375541687,0,0.9999620914459229,-0.004468732047826052,-0.007476481609046459,0,0.0033672237768769264,-0.09629392623901367,0.23333552479743958,1],[7,0.0034655616618692875,-0.9995030164718628,0.03133281320333481,0,-0.007129566743969917,-0.03135690093040466,-0.9994828104972839,0,0.9999685883522034,0.003240379970520735,-0.007234692573547363,0,0.005768049508333206,-0.355970174074173,0.20477889478206635,1],[7,0.0005010495078749955,-0.9999957084655762,0.0028846641071140766,0,-0.007222538813948631,-0.002888208255171776,-0.9999697208404541,0,0.9999737739562988,0.00048019972746260464,-0.007223954889923334,0,0.0035299095325171947,-0.7601318359375,0.18322773277759552,1],[7,0.0005010495078749955,-0.9999957084655762,0.0028846641071140766,0,-0.007222538813948631,-0.002888208255171776,-0.9999697208404541,0,0.9999737739562988,0.00048019972746260464,-0.007223954889923334,0,0.0035299095325171947,-1.2045587301254272,0.18322773277759552,1],[7,1,6.591949208711867e-17,-2.6367796834847468e-15,0,-6.591949208711867e-17,1,-4.163336342344337e-17,0,2.6367796834847468e-15,4.163336342344337e-17,1,0,1.7400440671128707e-17,0.2163068950176239,0.005059429444372654,1],[7,1,-3.8163916471489756e-17,-1.174060848541103e-14,0,3.8163916471489756e-17,1,5.551115123125783e-17,0,1.174060848541103e-14,-5.551115123125783e-17,1,0,2.6833990534126434e-17,-0.2350195199251175,0.0015128799714148045,1],[7,1,-3.3306690738754696e-16,2.7103319588661634e-14,0,3.3306690738754696e-16,1,4.996003610813204e-16,0,-2.7103319588661634e-14,-4.996003610813204e-16,1,0,-1.300802790779414e-16,-0.2588351368904114,0.0016544952522963285,1],[7,1,-6.938679664128577e-18,5.452452772992487e-20,0,6.938893903907228e-18,0.9999691247940063,-0.007857812568545341,0,0,0.007857812568545341,0.9999691247940063,0,1.7527934018941505e-17,0.12607190012931824,0.003359573893249035,1],[7,1,-6.492366920000078e-19,2.7761534624761746e-17,0,8.673617379884035e-19,0.9999691247940063,-0.007857817225158215,0,-2.7755575615628914e-17,0.007857817225158215,0.9999691247940063,0,1.574088806049827e-17,0.020759129896759987,0.003359573893249035,1]],8,8,8,8,8,8,8,8,8,8,8,8,8,8]]],0,0,[],[],[]],[[[8,".bin",1130768653,[{"primitives":[{"primitiveMode":7,"jointMapIndex":0,"vertexBundelIndices":[0],"indexView":{"offset":118368,"length":4416,"count":2208,"stride":2}}],"vertexBundles":[{"view":{"offset":0,"length":118368,"count":1644,"stride":72},"attributes":[{"name":"a_position","format":32,"isNormalized":false},{"name":"a_normal","format":32,"isNormalized":false},{"name":"a_texCoord","format":21,"isNormalized":false},{"name":"a_tangent","format":44,"isNormalized":false},{"name":"a_joints","format":42,"isNormalized":false},{"name":"a_weights","format":44,"isNormalized":false}]}],"jointMaps":[[0,1,2,3,4,5,6,7,8,9,10,11]]},"minPosition",8,[1,-1.468151569366455,-0.6042575240135193,-0.3793714642524719],"maxPosition",8,[1,1.468151569366455,0.7650521397590637,0.3678457736968994]]],-1],0,0,[],[],[]],[[[8,".bin",2664944199,[{"primitives":[{"primitiveMode":7,"vertexBundelIndices":[0],"indexView":{"offset":6384,"length":378,"count":189,"stride":2}}],"vertexBundles":[{"view":{"offset":0,"length":6384,"count":133,"stride":48},"attributes":[{"name":"a_position","format":32,"isNormalized":false},{"name":"a_normal","format":32,"isNormalized":false},{"name":"a_texCoord","format":21,"isNormalized":false},{"name":"a_tangent","format":44,"isNormalized":false}]}]},"minPosition",8,[1,-0.3208393156528473,-0.21014562249183655,-0.32909029722213745],"maxPosition",8,[1,0.3208393156528473,0.30313336849212646,0.32909029722213745]]],-1],0,0,[],[],[]],[[[10,"particleItem18_1",1,[{"rasterizerState":{},"depthStencilState":{},"blendState":{"targets":[{}]}},{}],[{},{}],[[[{"emissive":1},"mainColor",8,[4,1191162431]],{}],11,0]]],0,0,[0],[2],[0]]]]
