[1,["73YbENQTJKzrWuSQMv9WML@af657","f9dt3RxMFND4FO7lQ9mx4V","73YbENQTJKzrWuSQMv9WML@49b18","73YbENQTJKzrWuSQMv9WML@438fe","efB1aSYeRLyatGCkdRZHWx@6c48a","750y9YUBNIspO2vbCDJbyA"],["_parent","node","root","data","_mesh","_skeleton","_defaultClip","mainTexture","_effectAsset"],[["cc.Node",["_name","_layer","_prefab","_parent","_lpos","_children","_lrot","_euler","_components","_lscale"],1,4,1,5,2,5,5,9,5],["cc.Node",["_name","_layer","_children","_prefab","_lpos","_lrot","_euler","_parent"],1,12,4,5,5,5,1],["cc.UITransform",["node","__prefab","_contentSize"],3,1,4,5],["cc.Skeleton",["_name","_hash","_joints","_bindposes"],0,12],["cc.Mesh",["_native","_hash","_struct"],1,11],["cc.Prefab",["_name"],2],["cc.Node",["_name","_layer","_parent","_children","_prefab","_lpos","_lrot","_euler"],1,1,9,4,5,5,5],["cc.CompPrefabInfo",["fileId"],2],["cc.PrefabInfo",["fileId","instance","targetOverrides","nestedPrefabInstanceRoots","root","asset"],-1,1,1],["cc.SkeletalAnimation",["playOnLoad","node","__prefab","_clips","_defaultClip"],2,1,4,3,6],["cc.SkinnedMeshRenderer",["node","__prefab","_materials","bakeSettings","_skinningRoot","_mesh","_skeleton"],3,1,4,3,4,1,6,6],["cc.ModelBakeSettings",[],3],["cc.UIMeshRenderer",["node","__prefab"],3,1,4],["cc.Material",["_name","_states","_defines","_props"],0,12]],[[8,0,1,2,3,4,5,5],[0,0,1,3,5,2,4,6,7,3],[0,0,1,3,2,4,3],[6,0,1,2,3,4,5,6,7,3],[7,0,2],[0,0,1,3,2,4,6,7,3],[0,0,1,3,5,2,4,3],[3,0,1,2,3,4],[4,0,1,2,3],[5,0,2],[0,0,1,5,8,2,6,7,3],[0,0,1,3,5,8,2,4,6,9,7,3],[0,0,1,3,8,2,4,3],[1,0,1,2,3,4,5,6,3],[1,0,1,7,2,3,4,5,6,3],[2,0,1,2,1],[2,0,1,1],[9,0,1,2,3,4,2],[10,0,1,2,3,4,5,6,1],[11,1],[12,0,1,1],[13,0,1,2,3,4]],[[[[7,"Skin-0",1224151043,["猛犸象/身","猛犸象/身/前","猛犸象/身/前/左前","猛犸象/身/前/左前/关节_1","猛犸象/身/前/左前/关节_1/关节_2_3","猛犸象/身/前/左前/关节_1/关节_2_3/关节_3_3","猛犸象/身/前/右前","猛犸象/身/前/右前/关节_1_2","猛犸象/身/前/右前/关节_1_2/关节_2_4","猛犸象/身/前/右前/关节_1_2/关节_2_4/关节_3_4","猛犸象/身/前/头","猛犸象/身/前/头/鼻","猛犸象/身/前/头/鼻/关节_1_3","猛犸象/身/前/头/鼻/关节_1_3/关节_2_5","猛犸象/身/前/头/鼻/关节_1_3/关节_2_5/关节_3_5","猛犸象/身/前/头/鼻/关节_1_3/关节_2_5/关节_3_5/关节_4","猛犸象/身/前/头/关节_3_6","猛犸象/身/左后","猛犸象/左后01","猛犸象/左后01/关节_2","猛犸象/左后01/关节_2/关节_3","猛犸象/身/右后","猛犸象/右后01","猛犸象/右后01/关节_2_2","猛犸象/右后01/关节_2_2/关节_3_2","猛犸象/身/尾","猛犸象/身/尾/关节_1_4","猛犸象/身/尾/关节_1_4/关节_2_6","猛犸象/身/尾/关节_1_4/关节_2_6/关节_3_7"],[[[7,-1,1.2246467202362698e-16,2.7528438436866753e-16,0,1.2246468525851679e-16,1,1.7764984150403507e-8,0,-2.7528438436866753e-16,1.7764984150403507e-8,-1,0,-0.004700080491602421,0.048077091574668884,-2.143785238265991,1],[7,-1,-3.544228022178686e-9,7.160982473664035e-9,0,-3.544228244223291e-9,1,-2.91595281254331e-9,0,-7.160982473664035e-9,-2.9159530345879148e-9,-1,0,-0.004700085613876581,-0.25286608934402466,-0.8257611989974976,1],[7,-1,3.8838882616443226e-16,5.688483220742341e-16,0,5.665538686387998e-16,-0.00588225107640028,0.9999827146530151,0,3.9172822708920274e-16,0.9999827146530151,0.00588225107640028,0,0.5793235898017883,0.3444405794143677,0.14129610359668732,1],[7,-1,-1.4901161193847656e-8,-2.5425562678277704e-16,0,-4.172325152040912e-9,0.2800000011920929,0.9599999785423279,0,-1.4305114426349519e-8,0.9599999785423279,-0.2800000011920929,0,0.5793235898017883,0.6016746163368225,0.8127865195274353,1],[7,-1,-1.5087199045638044e-8,-6.167713815870735e-16,0,-1.904824076248701e-9,0.12625427544116974,0.9919978976249695,0,-1.4966468953048206e-8,0.9919978976249695,-0.12625427544116974,0,0.5793235898017883,0.39246365427970886,1.367250680923462,1],[7,-1,-1.8603721341214907e-10,3.453765051730784e-11,0,1.0773282439757725e-11,0.12625427544116974,0.9919978976249695,0,-1.8890905506552258e-10,0.9919978976249695,-0.12625427544116974,0,0.5793235898017883,0.3924636244773865,1.631252646446228,1],[7,-1,3.8787250664352156e-16,5.688453045193595e-16,0,5.665538686387998e-16,-0.00588225107640028,0.9999827146530151,0,3.9121188109851243e-16,0.9999827146530151,0.00588225107640028,0,-0.5306785106658936,0.3444405794143677,0.14129610359668732,1],[7,-1,-1.4901161193847656e-8,1.9546812564175998e-16,0,-4.172324707951702e-9,0.2800000011920929,0.9599999785423279,0,-1.4305114426349519e-8,0.9599999785423279,-0.2800000011920929,0,-0.5306785702705383,0.6016745567321777,0.8127865195274353,1],[7,-1,-1.5087199045638044e-8,-1.0658873084626167e-15,0,-1.904824520337911e-9,0.12625427544116974,0.9919978976249695,0,-1.4966468953048206e-8,0.9919978976249695,-0.12625427544116974,0,-0.5306785702705383,0.3924636244773865,1.367250680923462,1],[7,-1,-1.8603721341214907e-10,3.453765051730784e-11,0,1.0773282439757725e-11,0.12625427544116974,0.9919978976249695,0,-1.8890905506552258e-10,0.9919978976249695,-0.12625427544116974,0,-0.5306785106658936,0.3924636244773865,1.631252646446228,1],[7,-0.9999451637268066,-9.278901431930553e-12,-0.01047063060104847,0,3.2561623536375706e-11,1,-3.995818786961536e-9,0,0.01047063060104847,-3.995940467405035e-9,-0.9999451637268066,0,-0.0076280562207102776,-0.8206833004951477,0.5351288318634033,1],[7,-1,1.0699706425430929e-15,-1.5085123424540115e-16,0,-1.2246468525851679e-16,0.02648077718913555,0.9996493458747864,0,1.073590120205829e-15,0.9996493458747864,-0.02648077718913555,0,-1.4197868853087648e-15,-1.4259059429168701,-0.6945944428443909,1],[7,-1,1.074046670964399e-15,-3.9715844943493165e-16,0,-5.665538686387998e-16,-0.16264045238494873,0.9866853952407837,0,9.951521164330021e-16,0.9866853952407837,0.16264045238494873,0,-1.3917372833813202e-15,-1.4049403667449951,-0.24486485123634338,1],[7,-1,1.0414642780988415e-15,-7.860667450240472e-16,0,-5.665538686387998e-16,0.1961161345243454,0.9805806875228882,0,1.1754001982131252e-15,0.9805806875228882,-0.1961161345243454,0,-1.7803457293071078e-15,-1.2459198236465454,0.67770916223526,1],[7,-1,1.4901160305669237e-8,-5.48593752602134e-16,0,8.310221843998988e-9,0.5576895475387573,0.8300495743751526,0,1.2368702506648788e-8,0.8300495743751526,-0.5576895475387573,0,-1.1039798408774004e-8,-0.7408682703971863,1.4629343748092651,1],[7,-1,1.4901161193847656e-8,-1.1322118940567598e-15,0,8.310220955820569e-9,0.5576895475387573,0.8300495743751526,0,1.2368703394827207e-8,0.8300495743751526,-0.5576895475387573,0,-1.1039799296952424e-8,-0.7408682703971863,1.8300739526748657,1],[7,-0.9999451637268066,1.2118239649038198e-16,-0.01047063060104847,0,1.2245796193449795e-16,1,-1.2118239649038198e-16,0,0.01047063060104847,-1.2245796193449795e-16,-0.9999451637268066,0,-0.00762805575504899,-0.8150051236152649,1.3478400707244873,1],[7,-1,1.1876730703441296e-16,1.2605364326537206e-16,0,1.2246468525851679e-16,-0.02974873222410679,0.9995574355125427,0,1.2246468525851679e-16,0.9995574355125427,0.02974873222410679,0,0.4009332060813904,1.478438138961792,0.34529733657836914,1],[7,-1,2.442902576885506e-16,3.145767075445776e-16,0,1.2246468525851679e-16,-0.5629650950431824,0.8264806866645813,0,3.7899689837549697e-16,0.8264806866645813,0.5629650950431824,0,0.4009332060813904,0.6296365857124329,1.7611777782440186,1],[7,-1,-1.9717376941786637e-15,-1.0887430102366163e-15,0,-1.0106430784888624e-15,-0.03918556496500969,0.9992319345474243,0,-2.0128863429980407e-15,0.9992319345474243,0.03918556496500969,0,0.4009332060813904,1.6783050298690796,1.4965829849243164,1],[7,-1,-2.213055051510809e-15,-2.975744650690615e-10,0,-2.9734581463713994e-10,-0.03918556496500969,0.9992319345474243,0,-1.1662835627812562e-11,0.9992319345474243,0.03918556496500969,0,0.4009332060813904,1.6783050298690796,1.7396125793457031,1],[7,-1,1.1876730703441296e-16,1.2605364326537206e-16,0,1.2246468525851679e-16,-0.02974873222410679,0.9995574355125427,0,1.2246468525851679e-16,0.9995574355125427,0.02974873222410679,0,-0.7090689539909363,1.478438138961792,0.34529733657836914,1],[7,-1,4.006725906097427e-17,7.127938952240179e-16,0,5.665538686387998e-16,-0.5629650950431824,0.8264806866645813,0,4.343928795957078e-16,0.8264806866645813,0.5629650950431824,0,-0.7090689539909363,0.6296365857124329,1.7611777782440186,1],[7,-1,-1.9817892224054936e-15,-6.447065811270795e-16,0,-5.665538686387998e-16,-0.03918556496500969,0.9992319345474243,0,-2.0055304971258476e-15,0.9992319345474243,0.03918556496500969,0,-0.7090689539909363,1.6783050298690796,1.4965829849243164,1],[7,-1,-2.213055051510809e-15,-2.975744650690615e-10,0,-2.9734581463713994e-10,-0.03918556496500969,0.9992319345474243,0,-1.1662835627812562e-11,0.9992319345474243,0.03918556496500969,0,-0.7090689539909363,1.6783050298690796,1.7396125793457031,1],[7,1,-7.712689974940068e-32,1.8241471544159534e-19,0,-1.7794688030864916e-19,0.219967320561409,0.9755072593688965,0,-4.012527781933147e-20,-0.9755072593688965,0.219967320561409,0,-9.921093760801056e-20,-2.1251935958862305,0.5438756942749023,1],[7,1,6.252171392984069e-31,4.6635724322582545e-19,0,-4.618530896941094e-19,0.13864783942699432,0.9903417229652405,0,-6.465942893826013e-20,-0.9903417229652405,0.13864783942699432,0,-4.023149297986211e-19,-2.203972339630127,0.8626753687858582,1],[7,1,1.0871874536065946e-31,-1.3958931330773765e-18,0,1.0433035712663154e-18,0.6643638610839844,0.7474093437194824,0,9.273809292594855e-19,-0.7474093437194824,0.6643638610839844,0,2.7111268506489415e-18,-1.0896539688110352,2.3398914337158203,1],[7,1,3.369771787988119e-31,-2.1459712021154e-31,0,-6.348357746382759e-32,0.6643638610839844,0.7474093437194824,0,3.944304526105059e-31,-0.7474093437194824,0.6643638610839844,0,-4.619989121109127e-28,-1.0896539688110352,2.7985918521881104,1]],8,8,8,8,8,8,8,8,8,8,8,8,8,8,8,8,8,8,8,8,8,8,8,8,8,8,8,8,8]]],0,0,[],[],[]],[[[8,".bin",3513722466,[{"primitives":[{"primitiveMode":7,"jointMapIndex":0,"vertexBundelIndices":[0],"indexView":{"offset":142992,"length":5484,"count":2742,"stride":2}}],"vertexBundles":[{"view":{"offset":0,"length":142992,"count":1986,"stride":72},"attributes":[{"name":"a_position","format":32,"isNormalized":false},{"name":"a_normal","format":32,"isNormalized":false},{"name":"a_texCoord","format":21,"isNormalized":false},{"name":"a_tangent","format":44,"isNormalized":false},{"name":"a_joints","format":42,"isNormalized":false},{"name":"a_weights","format":44,"isNormalized":false}]}],"jointMaps":[[0,1,2,3,4,6,7,8,10,11,12,13,14,17,18,19,21,22,23,25,26,27]]},"minPosition",8,[1,-1.2876451015472412,-1.7155205011367798,-2.7163119316101074],"maxPosition",8,[1,1.2729851007461548,1.7155205011367798,2.4966821670532227]]],-1],0,0,[],[],[]],[[[9,"particleItem12"],[10,"particleItem12",8388608,[-3],[[15,-2,[4,"60yPJE6fFBjLi1RvqxcIFK"],[5,0,0]]],[0,"ddtOGhhkFDEIIY/LHfd+h/",null,null,null,-1,0],[3,0,-0.13068192640375514,0,-0.9914243461361051],[1,0,-344.982,0]],[11,"PI15",8388608,1,[-5,-6],[[17,true,-4,[4,"b6FNpPTExRA4GxW+WsTQiB"],[3],4]],[0,"56w9rGXslEkrBzZdNhYV7a",null,null,null,1,0],[1,18.233,-104.411,2.144],[3,0,0.47922809787322174,0,0.877690395417891],[1,70,70,70],[1,0,57.27,0]],[13,"身",8388608,[[-7,[5,"左后",8388608,-8,[0,"3f3xMaNaRO7Yda3iCRjOZ5",null,null,null,1,0],[1,-0.40563327074050903,-0.25308579206466675,-0.6557292938232422],[3,-0.7175474751483105,8.171861306930843e-15,8.594515500344228e-15,0.6965095985758449],[1,-91.70472979715333,1.3589129641129085e-12,1.4033351347122646e-14]],[5,"右后",8388608,-9,[0,"44KclWYHlNjZ1EThLBeSgq",null,null,null,1,0],[1,0.7043688893318176,-0.25308579206466675,-0.6557292938232422],[3,-0.7175474751483105,8.171861306930843e-15,8.594515500344228e-15,0.6965095985758449],[1,-91.70472979715333,1.3589129641129085e-12,1.4033351347122646e-14]],-10],1,4,4,1],[0,"10Oyj/4+ZHj6sCsF3Q8l0+",null,null,null,1,0],[1,0,1.6409419775009155,0],[3,-6.123234262925839e-17,1,-6.123234262925839e-17,-6.123234262925839e-17],[1,7.0167096047110005e-15,-180,-7.0167096047110005e-15]],[6,"猛犸象",8388608,2,[-11,-12,3],[0,"46+inT+KpMcbpWvmB0saka",null,null,null,1,0],[1,-0.004700080491602421,0,-1.9572652578353882]],[6,"前",8388608,3,[-13,-14,-15],[0,"02uUjfyCVD9qdXyMouulZa",null,null,null,1,0],[1,-4.2188474406360357e-17,0.30094313621520996,-1.3180240392684937]],[12,"1",8388608,2,[[18,-16,[4,"cfbnndnPVffJtlBvo7LSaU"],[0],[19],2,1,2],[16,-17,[4,"b2ykSPT3tFFbYC6ZPPwRa4"]],[20,-18,[4,"7aECM/s4VBHo+DfZ20OvZG"]]],[0,"22nf1WrPlKNaskInmh454X",null,null,null,1,0],[1,0,1.6890188455581665,0.18652001023292542]],[14,"头",8388608,5,[[-19,[2,"关节_3_6",8388608,-20,[0,"9dFt7Av8tA4r5ftSsZDC5Z",null,null,null,1,0],[1,9.992006956928613e-17,-0.005678172223269939,-0.812711238861084]]],1,4],[0,"75QjSKqwBNhKhD7UaJmAMm",null,null,null,1,0],[1,-0.002675578696653247,0.567817211151123,-1.3609405755996704],[3,-2.3655033120743306e-33,0.005235386569413255,-6.411499703179618e-19,0.9999862952698246],[1,3.846458127879821e-19,0.5999338497400574,-7.346936777665371e-17]],[1,"左后01",8388608,4,[-21],[0,"0bI8ahfiJAgp2UqWoOqdCa",null,null,null,1,0],[1,0.40563327074050903,0.5879029035568237,0.6319211721420288],[3,1.6160702850906856e-16,0.46745851012835776,0.8840150119248971,-1.6190043608587505e-17],[1,-124.26110200861224,-180,7.01670920938751e-15]],[3,"关节_2",8388608,8,[[2,"关节_3",8388608,-22,[0,"1frM1QyCxG35X+NpaXr8MX",null,null,null,1,0],[1,-7.231932414031306e-11,-2.8421708795129297e-16,-0.24302957952022552]]],[0,"e4Pu9d5RdPr6Yzm6/FduGU",null,null,null,1,0],[1,-2.1316281596346973e-16,2.8421708795129297e-16,-0.3975315988063812],[3,0.27576619601236674,1.4197305951339621e-16,-3.9474925257632516e-17,0.9612247422621146],[1,32.01535927488167,1.688550940708999e-14,1.3832297834729637e-16]],[1,"右后01",8388608,4,[-23],[0,"33ndU6eLlLO7RXDZLJEZDP",null,null,null,1,0],[1,-0.7043688893318176,0.5879029035568237,0.6319211721420288],[3,1.6160702850906856e-16,0.46745851012835776,0.8840150119248971,-1.6190043608587505e-17],[1,-124.26110200861224,-180,7.01670920938751e-15]],[3,"关节_2_2",8388608,10,[[2,"关节_3_2",8388608,-24,[0,"46PDIs3iVNyrArZgDjTMpe",null,null,null,1,0],[1,-7.231946291819114e-11,0,-0.24302957952022552]]],[0,"86lvODJI5Pc514e+4B3N0G",null,null,null,1,0],[1,-4.2632563192693945e-16,8.526512638538789e-16,-0.3975315988063812],[3,0.27576619601236674,1.4197305951339621e-16,-3.9474925257632516e-17,0.9612247422621146],[1,32.01535927488167,1.688550940708999e-14,1.3832297834729637e-16]],[1,"左前",8388608,5,[-25],[0,"0fb1jfDy5FBJcOvJXiNv0a",null,null,null,1,0],[1,-0.5840237140655518,-0.3921336829662323,-0.4804954528808594],[3,-0.7091833885789071,2.5555220510153973e-32,9.35563235436181e-33,0.7050240572943159],[1,-90.33702472966334,2.8249001472146913e-30,-1.3209418203555666e-30]],[1,"关节_1",8388608,12,[-26],[0,"68a6T6T6lPWIsSCIpKNphM",null,null,null,1,0],[1,-5.684341759025859e-16,3.55271373174006e-16,-0.8094903826713562],[3,0.14433232244829503,1.0753598231868299e-9,-7.372567596128846e-9,0.9895292722788354],[1,16.597234760535986,2.438737360759247e-7,-8.182023259298418e-7]],[3,"关节_2_3",8388608,13,[[2,"关节_3_3",8388608,-27,[0,"27zQJ1J1xIkZ1KtZlVB/gu",null,null,null,1,0],[1,9.118181903966516e-12,1.9984015237346206e-17,-0.2640019655227661]]],[0,"23IqFLs+pPyJgmyR7Idzgy",null,null,null,1,0],[1,-1.4210854397564648e-16,-1.367794732456875e-15,-0.47616255283355713],[3,-0.07852008139970981,-1.177343992008606e-9,-9.273149545810805e-11,0.9969125321797208],[1,-9.007010069750235,-1.353315156486479e-7,-5.026212637930403e-15]],[1,"右前",8388608,5,[-28],[0,"a2mnf7wxRJZL19qabCM7DE",null,null,null,1,0],[1,0.5259784460067749,-0.3921336829662323,-0.4804954528808594],[3,-0.7091833885789071,2.5555220510153973e-32,9.35563235436181e-33,0.7050240572943159],[1,-90.33702472966334,2.8249001472146913e-30,-1.3209418203555666e-30]],[1,"关节_1_2",8388608,15,[-29],[0,"0dyPX5N8ZNYKmzXJKfkV8R",null,null,null,1,0],[1,-5.684341759025859e-16,5.684341759025859e-16,-0.8094903826713562],[3,0.14433232244829503,1.0753598231868299e-9,-7.372567596128846e-9,0.9895292722788354],[1,16.597234760535986,2.438737360759247e-7,-8.182023259298418e-7]],[3,"关节_2_4",8388608,16,[[2,"关节_3_4",8388608,-30,[0,"72zLoA7G1NHYa1Vo41b2b2",null,null,null,1,0],[1,9.118181903966516e-12,-2.4424907071149036e-16,-0.2640019655227661]]],[0,"18ZZ5SRjFKFJ0bochmVELl",null,null,null,1,0],[1,-1.4210854397564648e-16,-1.3145040780968443e-15,-0.47616255283355713],[3,-0.07852008139970981,-1.177343992008606e-9,-9.273149545810805e-11,0.9969125321797208],[1,-9.007010069750235,-1.353315156486479e-7,-5.026212637930403e-15]],[1,"鼻",8388608,7,[-31],[0,"48DK8SzENDG4AFk+NyQj8x",null,null,null,1,0],[1,0.007104251999408007,-0.0885733813047409,-0.8718065619468689],[3,-0.6976720116635883,-0.0037506728085441505,-0.003652633179297788,0.7163981817855366],[1,-88.48258197390557,-0.5999338839739139,-3.723647453476073e-8]],[1,"关节_1_3",8388608,18,[-32],[0,"72gYWEwFVEqKgYNp3t2VFi",null,null,null,1,0],[1,9.031271747906243e-17,-2.8421708795129297e-16,-0.7192577123641968],[3,-0.09478251652386134,2.2112696422231687e-16,2.1216089215830713e-17,0.9954980032935296],[1,-10.877604888545836,2.545564000952974e-14,1.8518490032658072e-17]],[1,"关节_2_5",8388608,19,[-33],[0,"92io2et5tAjIsoOHIfxzC5",null,null,null,1,0],[1,1.3660165191330126e-16,5.400124724014126e-15,-0.43915513157844543],[3,0.1794042733061426,4.9689553562501904e-20,-3.014500246259564e-19,0.9837754351067601],[1,20.67012468399412,1.1798895213002937e-17,-3.296164440753795e-17]],[3,"关节_3_5",8388608,20,[[2,"关节_4",8388608,-34,[0,"f3fuJ5aEBO8rGhBfnFe/Xi",null,null,null,1,0],[1,-1.8842098357417161e-16,2.8421708795129297e-16,-0.3671395480632782]]],[0,"e7ErVb2CpAyIAOEaqrN/yP",null,null,null,1,0],[1,1.1356743794566781e-16,5.684341759025859e-16,-0.3884739577770233],[3,0.19582833082623055,-5.565716836436887e-16,1.3704246451883592e-16,0.9806381926306014],[1,22.58623285822407,-6.561882193201387e-14,2.91023265636399e-15]],[1,"尾",8388608,3,[-35],[0,"73DlDLKJtJd4BXKG3K2xBp",null,null,null,1,0],[1,-0.004700080491602421,-0.015004510059952736,0.048991307616233826],[3,4.064261752833998e-16,0.781014491028565,0.624512902031168,-6.063239098418762e-16],[1,-77.29288936489279,-179.99999999999991,-7.0167129791259025e-15]],[1,"关节_1_4",8388608,22,[-36],[0,"94MBrLpiFEI7Qx6ya6j8eW",null,null,null,1,0],[1,3.051416546944069e-19,-5.684341759025859e-16,-0.4978802800178528],[3,-0.0413307366361372,2.8706365856975305e-32,-9.75044775494883e-32,0.9991455200365531],[1,-4.7375029908450506,2.824900222340991e-30,-1.1299600583834314e-29]],[3,"关节_2_6",8388608,23,[[2,"关节_3_7",8388608,-37,[0,"f3uf1mgE5K9K3+zWExhlwb",null,null,null,1,0],[1,-1.0817398625970872e-18,2.8421708795129297e-16,-0.4587005376815796]]],[0,"3fjwr4dRtHgpEpqzwRr+2a",null,null,null,1,0],[1,5.960370361927544e-19,-3.97903933719722e-15,-0.4808063209056854],[3,0.28956583468607583,3.706920536697845e-31,-9.122980902816745e-33,0.9571580994708012],[1,33.66392993670732,4.096105130318526e-29,1.129960077816408e-29]]],0,[0,2,1,0,1,1,0,-1,2,0,1,2,0,-1,4,0,-2,6,0,-1,5,0,0,3,0,0,3,0,-4,22,0,-1,8,0,-2,10,0,-1,12,0,-2,15,0,-3,7,0,1,6,0,1,6,0,1,6,0,-1,18,0,0,7,0,-1,9,0,0,9,0,-1,11,0,0,11,0,-1,13,0,-1,14,0,0,14,0,-1,16,0,-1,17,0,0,17,0,-1,19,0,-1,20,0,-1,21,0,0,21,0,-1,23,0,-1,24,0,0,24,0,3,1,3,0,4,37],[0,0,0,0,0],[-1,4,5,-1,6],[1,2,3,0,0]],[[[21,"particleItem15_0",[{"rasterizerState":{},"depthStencilState":{},"blendState":{"targets":[{}]}},{}],[{"USE_TEXTURE":true},{}],[[[{},"mainColor",8,[4,4292730367],"mainTexture",6,0],{}],11,0]]],0,0,[0,0],[7,8],[4,5]]]]
