[1,["56ITLm57BOGqCiArj5JCU9@af657","d6fyaBU8dHHL6ZST2p25Ty@6c48a","750y9YUBNIspO2vbCDJbyA","41BggzO9xAMJKuSI5Fxk22","56ITLm57BOGqCiArj5JCU9@44034","56ITLm57BOGqCiArj5JCU9@438fe"],["_parent","node","mainTexture","_effectAsset","root","data","_mesh","_skeleton","_defaultClip"],[["cc.Node",["_name","_layer","_prefab","_lpos","_parent","_children","_components","_lrot","_euler","_lscale"],1,4,5,1,2,9,5,5,5],["cc.Node",["_name","_layer","_children","_prefab","_lpos","_lrot","_euler","_parent"],1,12,4,5,5,5,1],["cc.Node",["_name","_layer","_parent","_children","_prefab","_lrot","_euler","_lpos"],1,1,9,4,5,5,5],["cc.UITransform",["node","__prefab","_contentSize"],3,1,4,5],["cc.Material",["_name","_states","_defines","_props"],0,12],["cc.Skeleton",["_name","_hash","_joints","_bindposes"],0,12],["cc.Mesh",["_native","_hash","_struct"],1,11],["cc.Prefab",["_name"],2],["cc.CompPrefabInfo",["fileId"],2],["cc.PrefabInfo",["fileId","instance","targetOverrides","nestedPrefabInstanceRoots","root","asset"],-1,1,1],["cc.SkeletalAnimation",["playOnLoad","node","__prefab","_clips","_defaultClip"],2,1,4,3,6],["cc.SkinnedMeshRenderer",["node","__prefab","_materials","bakeSettings","_skinningRoot","_mesh","_skeleton"],3,1,4,3,4,1,6,6],["cc.ModelBakeSettings",[],3],["cc.UIMeshRenderer",["node","__prefab"],3,1,4]],[[9,0,1,2,3,4,5,5],[0,0,1,4,2,3,3],[0,0,1,4,5,2,3,7,8,3],[2,0,1,2,3,4,7,5,6,3],[8,0,2],[0,0,1,4,2,3,7,8,3],[4,0,1,2,3,4],[5,0,1,2,3,4],[6,0,1,2,3],[7,0,2],[0,0,1,5,6,2,3],[0,0,1,5,2,3,3],[0,0,1,4,5,6,2,3,7,9,8,3],[0,0,1,4,6,2,3,3],[1,0,1,2,3,4,5,6,3],[1,0,1,7,2,3,4,5,6,3],[2,0,1,2,3,4,5,6,3],[3,0,1,2,1],[3,0,1,1],[10,0,1,2,3,4,2],[11,0,1,2,3,4,5,6,1],[12,1],[13,0,1,1]],[[[[6,"particleItem12_0",[{"rasterizerState":{},"depthStencilState":{},"blendState":{"targets":[{}]}},{}],[{"USE_TEXTURE":true},{}],[[[{},"mainTexture",6,0],{}],11,0]]],0,0,[0,0],[2,3],[1,2]],[[[7,"Skin-0",4221620218,["鳄鱼/鳄鱼_2","鳄鱼/鳄鱼_2/身体","鳄鱼/鳄鱼_2/身体/头","鳄鱼/鳄鱼_2/身体/头/关节_1_2","鳄鱼/鳄鱼_2/身体/头/下颚","鳄鱼/鳄鱼_2/身体/头/下颚/关节_1","鳄鱼/鳄鱼_2/身体/右前","鳄鱼/右前01","鳄鱼/右前01/关节_2","鳄鱼/鳄鱼_2/身体/左后","鳄鱼/左后01","鳄鱼/左后01/关节_2_2","鳄鱼/鳄鱼_2/身体/右后","鳄鱼/右后01","鳄鱼/右后01/关节_2_3","鳄鱼/鳄鱼_2/身体/左前","鳄鱼/左前01","鳄鱼/鳄鱼_2/身体/尾巴","鳄鱼/鳄鱼_2/身体/尾巴/关节_4","鳄鱼/鳄鱼_2/身体/尾巴/关节_4/关节_5","鳄鱼/鳄鱼_2/身体/尾巴/关节_4/关节_5/关节_6","鳄鱼/鳄鱼_2/身体/尾巴/关节_4/关节_5/关节_6/关节_7","鳄鱼/鳄鱼_2/身体/尾巴/关节_4/关节_5/关节_6/关节_7/关节_8"],[[[7,0.9907582402229309,-3.387363834536507e-17,0.1356395184993744,0,-1.3094793322427634e-18,1,2.5929769628042667e-16,0,-0.1356395184993744,-2.5707897288443284e-16,0.9907582402229309,0,0.2910325527191162,0.17600460350513458,-2.4028308391571045,1],[7,0.9992418885231018,1.487369427621843e-8,-0.03893149644136429,0,-1.4880309429088356e-8,1,1.198520449552376e-10,0,0.03893149644136429,4.595515357141977e-10,0.9992418885231018,0,0.035871438682079315,0.17600461840629578,-1.468677043914795,1],[7,-0.9976661205291748,0.015422619879245758,0.06651678681373596,0,1.489472456484009e-8,0.9741578102111816,-0.22586853802204132,0,-0.06828133761882782,-0.22534137964248657,-0.9718841910362244,0,0.19931389391422272,0.711119532585144,2.3073623180389404,1],[7,-0.9976661205291748,0.015422619879245758,0.06651678681373596,0,1.489472456484009e-8,0.9741578102111816,-0.22586853802204132,0,-0.06828133761882782,-0.22534137964248657,-0.9718841910362244,0,0.19931389391422272,0.711119532585144,3.1941280364990234,1],[7,-0.9976661205291748,0.002337494632229209,0.06824130564928055,0,1.489472456484009e-8,0.9994138479232788,-0.03423307090997696,0,-0.06828133016824722,-0.03415317460894585,-0.9970813393592834,0,0.19931387901306152,0.2539268732070923,2.401069164276123,1],[7,-0.9976661205291748,0.002337494632229209,0.06824130564928055,0,1.489472456484009e-8,0.9994138479232788,-0.03423307090997696,0,-0.06828133016824722,-0.03415317460894585,-0.9970813393592834,0,0.19931387901306152,0.2539268732070923,3.287834882736206,1],[7,-1,1.33737043661597e-9,-1.3312587868402284e-16,0,4.3251280334999365e-10,0.3234054744243622,0.9462604522705078,0,1.2655008152506753e-9,0.9462604522705078,-0.3234054744243622,0,-0.4602360427379608,-1.673933982849121,0.8102777004241943,1],[7,-1,7.786328248826635e-10,-1.0873301148350834e-9,0,4.3251191517157395e-10,0.9576351046562195,0.2879844605922699,0,1.2654995940053482e-9,0.2879844605922699,-0.9576351046562195,0,-0.6935997605323792,-0.04162724316120148,2.029057741165161,1],[7,-1,7.786319367042438e-10,-1.0873318911919228e-9,0,4.325105829039444e-10,0.9576351046562195,0.2879844605922699,0,1.2655010372952802e-9,0.2879844605922699,-0.9576351046562195,0,-0.5295422077178955,-0.04162724316120148,2.611130714416504,1],[7,-1,2.141753663309487e-9,-1.9457949543586162e-16,0,4.427108679649905e-10,0.20670492947101593,0.9784033298492432,0,2.0954991075683438e-9,0.9784033298492432,-0.20670492947101593,0,0.5093220472335815,-0.3904268741607666,0.25770577788352966,1],[7,-1,1.0171801179126305e-9,-1.884796985152093e-9,0,4.427099797865708e-10,0.9591887593269348,0.2827666103839874,0,2.0955006618805783e-9,0.2827666103839874,-0.9591887593269348,0,0.5994154214859009,0.40328601002693176,0.6612988710403442,1],[7,-1,1.0171801179126305e-9,-1.8847956528844634e-9,0,4.4271042387578063e-10,0.9591887593269348,0.2827666103839874,0,2.0954993296129487e-9,0.2827666103839874,-0.9591887593269348,0,0.5994154214859009,0.40328601002693176,1.1723848581314087,1],[7,1,8.428379771885375e-9,-3.830058656101822e-17,0,-5.3793356435960504e-9,0.6382407546043396,0.7698367834091187,0,6.488477310995222e-9,-0.7698367834091187,0.6382407546043396,0,0.5908676385879517,0.419000506401062,-0.04118066653609276,1],[7,-1,1.829902007699502e-9,8.227335257515733e-9,0,5.3793356435960504e-9,0.8900433778762817,0.45587587356567383,0,-6.488476866906012e-9,0.45587587356567383,-0.8900433778762817,0,-0.5908676385879517,0.47116342186927795,0.32444438338279724,1],[7,-1,1.8299015636102922e-9,8.227335257515733e-9,0,5.3793351995068406e-9,0.8900433778762817,0.45587587356567383,0,-6.488476866906012e-9,0.45587587356567383,-0.8900433778762817,0,-0.5908676385879517,0.47116342186927795,0.7160472273826599,1],[7,1,3.9524454820139e-9,-1.2852978857671485e-17,0,-1.743498123651932e-9,0.44111883640289307,0.897448718547821,0,3.5471170445333655e-9,-0.897448718547821,0.44111883640289307,0,-0.4920949637889862,1.7406483888626099,-0.633788526058197,1],[7,1,8.148414165631834e-10,3.8675396218934566e-9,0,-1.7434985677411419e-9,-0.7872280478477478,0.6166619658470154,0,3.5471172665779704e-9,-0.6166619658470154,-0.7872280478477478,0,-0.6109656691551208,0.5461814403533936,1.6245373487472534,1],[7,0.9810437560081482,1.2483679867614228e-8,-0.1937864124774933,0,-1.4720028751469272e-8,1,-1.0100358771580886e-8,0,0.1937864124774933,1.276143546391495e-8,0.9810437560081482,0,-0.05683346837759018,0.2668553590774536,-0.5919358134269714,1],[7,0.9647638201713562,1.6179821926698423e-8,-0.26311740279197693,0,-1.4682699500667695e-8,1,7.656221434615418e-9,0,0.26311740279197693,-3.52317175433825e-9,0.9647638201713562,0,-0.032085176557302475,0.4506857991218567,0.34887048602104187,1],[7,0.9984814524650574,1.3909849272408792e-8,0.05508863180875778,0,-1.3931004794187629e-8,1,5.282346804401665e-16,0,-0.05508863180875778,-7.674405000379636e-10,0.9984814524650574,0,-0.3655829429626465,0.5926401019096375,0.9965681433677673,1],[7,0.9556373953819275,1.2509094204915527e-8,0.2945457696914673,0,-1.3518818953173195e-8,1,1.3919543295770609e-9,0,-0.2945457696914673,-5.312114303990256e-9,0.9556373953819275,0,-0.7944909334182739,0.5926401019096375,1.6790002584457397,1],[7,0.9905498623847961,0.04436096176505089,0.1297808438539505,0,-1.3343132820864412e-8,0.9462482929229736,-0.32344117760658264,0,-0.13715305924415588,0.3203846216201782,0.9373061060905457,0,-0.37495988607406616,1.388152003288269,2.316610336303711,1],[7,0.9905498623847961,0.04436096176505089,0.1297808438539505,0,-1.3343132820864412e-8,0.9462482929229736,-0.32344117760658264,0,-0.13715305924415588,0.3203846216201782,0.9373061060905457,0,-0.37495988607406616,1.388152003288269,3.061815023422241,1]],8,8,8,8,8,8,8,8,8,8,8,8,8,8,8,8,8,8,8,8,8,8,8]]],0,0,[],[],[]],[[[8,".bin",1457305646,[{"primitives":[{"primitiveMode":7,"jointMapIndex":0,"vertexBundelIndices":[0],"indexView":{"offset":119376,"length":4194,"count":2097,"stride":2}}],"vertexBundles":[{"view":{"offset":0,"length":119376,"count":1658,"stride":72},"attributes":[{"name":"a_position","format":32,"isNormalized":false},{"name":"a_normal","format":32,"isNormalized":false},{"name":"a_texCoord","format":21,"isNormalized":false},{"name":"a_tangent","format":44,"isNormalized":false},{"name":"a_joints","format":42,"isNormalized":false},{"name":"a_weights","format":44,"isNormalized":false}]}],"jointMaps":[[0,1,2,4,6,7,9,10,12,13,15,16,17,18,19,20,21]]},"minPosition",8,[1,-0.8510084748268127,-0.8175568580627441,-3.4299964904785156],"maxPosition",8,[1,0.8510084748268127,0.5057389140129089,3.634397268295288]]],-1],0,0,[],[],[]],[[[9,"particleItem9"],[10,"particleItem9",8388608,[-3],[[17,-2,[4,"60yPJE6fFBjLi1RvqxcIFK"],[5,0,0]]],[0,"afJrHWx75CxITTynWkwMfB",null,null,null,-1,0]],[14,"身体",8388608,[[-4,[5,"右前",8388608,-5,[0,"d9IezUZ2NBdIY/V1BuJSDJ",null,null,null,1,0],[1,-0.3521471321582794,-0.04936975613236427,0.39386695623397827],[3,0.011324069855748301,0.8132969423282632,0.5815230213772911,-0.015837444542175835],[1,-71.13100044028681,-177.76882520907174,-8.265110576372305e-7]],[5,"左后",8388608,-6,[0,"a8/Xr21dRIfZ+naOUaqbWn",null,null,null,1,0],[1,0.5617528557777405,0.004567571450024843,-1.0535717010498047],[3,0.012261841444380799,0.7766104339425612,0.6296802162209761,-0.015123043207118415],[1,-78.07067685033127,-177.7688252569695,-8.149203969762654e-7]],[5,"右后",8388608,-7,[0,"c7D1rKjGRF0YulVV7zYdfd",null,null,null,1,0],[1,-0.5409672260284424,-0.05971621349453926,-1.097092866897583],[3,-0.4252188322698193,0.01762086201506008,0.008280338947282232,0.9048811446216874],[1,-50.33923775934851,2.2311735650291906,2.4618944760170373e-8]],[5,"左前",8388608,-8,[0,"25SRU8uhVBLoLb+IqEHWzI",null,null,null,1,0],[1,0.5992941856384277,-0.02303551696240902,0.3524874746799469],[3,-0.5285211795272043,0.016526777277693187,0.010291961009537247,0.8486968268837608],[1,-63.824708320822296,2.2311736750324123,3.243646827839573e-7]],-9],1,4,4,4,4,1],[0,"70jv9aO85IgquApCTxrRpE",null,null,null,1,0],[1,3.0198066587441613e-16,-1.3176872787346028e-11,-0.9628311991691589],[3,6.510952522131994e-10,-0.08738852546364259,-7.4220769467719235e-9,0.9961743048369045],[1,0,-10.026777102211899,-8.537736462515936e-7]],[11,"鳄鱼",8388608,[-10,-11,-12,-13,-14],[0,"46ocLDySJPT7HzMdQkesyv",null,null,null,1,0],[1,0.008238371461629868,0,1.9257246255874634]],[12,"PI12",8388608,1,[3,-16],[[19,true,-15,[4,"0aIOcBIc5SB4/eqkMRrKAu"],[3],4]],[0,"5c3LsfltpFJaetF2auOMY1",null,null,null,1,0],[1,45,-75,0],[3,0.2162529616231429,0.29556780351221473,0.00918413470336335,0.9304783618042575],[1,100,100,100],[1,23.656,33.497,8.333]],[13,"001",8388608,4,[[20,-17,[4,"adzUWfF9FWvLlK6elzoiTb"],[0],[21],4,1,2],[18,-18,[4,"daFYaZZSpIT6Z9+Tqc/pH9"]],[22,-19,[4,"50Fb0NM0tL1IK8If+6H9L7"]]],[0,"318B7wUy1GRIenZuhoOmZ6",null,null,null,1,0],[1,0.05583503097295761,0.8189821839332581,-1.436951994895935]],[15,"头",8388608,2,[[-20,[1,"关节_1_2",8388608,-21,[0,"24D3RiMidPz4caZvSC8Lb3",null,null,null,1,0],[1,0,-7.105427198782324e-17,-0.8867656588554382]]],1,4],[0,"9d0LtI+mFFU7f9NFJoiiED",null,null,null,1,0],[1,0.16432026028633118,0.004422543570399284,0.9444948434829712],[3,0.006189742166953846,0.9994628496234435,-0.028962923407478414,0.014030266646966391],[1,3.329170687999012,178.37224259129223,0.6623608176131283]],[3,"右前01",8388608,3,[[1,"关节_2",8388608,-22,[0,"ddbJ16rmVKWrL9I59weCPt",null,null,null,1,0],[1,-0.16405750811100006,-4.2632563192693945e-16,-0.5820730328559875]]],[0,"17+9yXqsNBuZl1ZAPxY1Ad",null,null,null,1,0],[1,-0.6460030674934387,0.2745087742805481,-1.407591700553894],[3,8.262654931736262e-11,0.9893520817014169,0.1455419473315961,-5.616718057753874e-10],[1,-16.737326821812335,-179.99999993494444,-6.852903695324687e-15]],[3,"左后01",8388608,3,[[1,"关节_2_2",8388608,-23,[0,"546uWizkxKbJMTXDofyvkL",null,null,null,1,0],[1,9.94759834299305e-16,1.0658140798173486e-16,-0.5110859870910645]]],[0,"89VNG73TtHQKXJqRd7gz3g",null,null,null,1,0],[1,0.6470121145248413,0.2451615333557129,-2.8424019813537598],[3,1.4034753827624232e-10,0.989744597500721,0.14284828216725518,-9.724182510023025e-10],[1,-16.425395521721804,-179.99999988741448,-6.7520015647924726e-15]],[3,"右后01",8388608,3,[[1,"关节_2_3",8388608,-24,[0,"48Ff9UcAtI4KkyWKtmY1sQ",null,null,null,1,0],[1,0,2.8421708795129297e-16,-0.39160287380218506]]],[0,"e4v/XqRzJJQLsykJ0/O+2E",null,null,null,1,0],[1,-0.543271005153656,0.25171995162963867,-3.288699150085449],[3,-1.0837116815932928e-9,0.972122257046769,0.23447455587823515,4.493026418763685e-9],[1,-27.12130334977021,179.99999947037227,1.4689534481347495e-14]],[3,"左前01",8388608,3,[[1,"关节_2_4",8388608,-25,[0,"837gUFH7JC06kZSL44mO3v",null,null,null,1,0],[1,-0.08399508893489838,-0.06184869632124901,-0.3159528374671936]]],[0,"91Cmg9SaBOIrVKPOLI8ou6",null,null,null,1,0],[1,0.6585623025894165,0.2471611499786377,-1.746985912322998],[3,0.9453116034488659,8.012100406524916e-10,2.3220907358174938e-9,-0.32616862569066035],[1,-141.92721828406712,-2.814860166781361e-7,4.810475243390154e-16]],[2,"鳄鱼_2",8388608,3,[2],[0,"9dDhd6OU1ANZbKq9Hdu/R5",null,null,null,1,0],[1,0.08517258614301682,0.6429775357246399,-0.9425766468048096],[3,0,0.06797699805231665,0,0.9976868886257829],[1,0,7.795601810544298,0]],[16,"下颚",8388608,6,[[1,"关节_1",8388608,-26,[0,"6fkquKcCZOv7Ls1Qu9VdLQ",null,null,null,1,0],[1,4.085620804735959e-16,8.526512638538789e-16,-0.8867656588554382]]],[0,"88wBhJp59LL67QQXuMnTQA",null,null,null,1,0],[3,-0.08315640810654208,1.4843263504196158e-9,1.2386006292420696e-10,0.9965365080070163],[1,-9.540038942655979,1.7068242616441627e-7,-1.9843908423856824e-14]],[2,"尾巴",8388608,2,[-27],[0,"b5osIlJ8BPE53JuaXV94dY",null,null,null,1,0],[1,3.2714084913232355e-11,-0.09085075557231903,-0.8751019835472107],[3,1.154637939844403e-9,-0.07796026759750209,9.029069151419629e-11,0.9969564667908655],[1,1.327156862899738e-7,-8.942662878729347,6.907119592950929e-16]],[2,"关节_4",8388608,13,[-28],[0,"e0oqJn1l1NNpHOHlah528T",null,null,null,1,0],[1,1.370981540099736e-11,-0.18383045494556427,-0.9376380443572998],[3,5.234919241856351e-10,-0.035608359205206656,1.8652517305412276e-11,0.9993658212860358],[1,6.002582282834261e-8,-4.081280185843016,-2.3084649800411114e-17]],[2,"关节_5",8388608,14,[-29],[0,"8044ZCNoFLDohZYsOZH7Q+",null,null,null,1,0],[1,2.0795554167563068e-10,-0.14195430278778076,-0.7121524214744568],[3,-2.289007264725021e-9,0.15999372713937998,3.7100606872558895e-10,0.9871180310763499],[1,-2.657239584281137e-7,18.41306424482127,-2.710628173064851e-15]],[2,"关节_6",8388608,15,[-30],[0,"d0DeZZLbZJ84/aSV/PFMLq",null,null,null,1,0],[1,2.1316281596346973e-16,-1.7728041799315586e-13,-0.8245871663093567],[3,-1.6693594201460218e-9,0.12162990807450842,2.0456279623700687e-10,0.9925755212888271],[1,-1.9272538391823018e-7,13.972357092197454,-9.974539864036054e-16]],[3,"关节_7",8388608,16,[[1,"关节_8",8388608,-31,[0,"f8MEpztR1BNKAn3q3l+/p/",null,null,null,1,0],[1,2.8421708795129297e-16,1.421085492696024e-15,-0.7452046871185303]]],[0,"5e7MCjzgtCiqI8/QB/7Elw",null,null,null,1,0],[1,-9.908660697499627e-12,0.02839086204767227,-0.8674976229667664],[3,0.16340510973557726,-0.07951855866984157,0.01321495265724678,0.9832603591956923],[1,18.87116238816829,-9.247161862702395,3.335280556302279e-8]]],0,[0,4,1,0,1,1,0,-1,4,0,-1,6,0,0,2,0,0,2,0,0,2,0,0,2,0,-6,13,0,-1,7,0,-2,8,0,-3,9,0,-4,10,0,-5,11,0,1,4,0,-2,5,0,1,5,0,1,5,0,1,5,0,-1,12,0,0,6,0,0,7,0,0,8,0,0,9,0,0,10,0,0,12,0,-1,14,0,-1,15,0,-1,16,0,-1,17,0,0,17,0,5,1,2,0,11,3,0,4,31],[0,0,0,0,0],[-1,6,7,-1,8],[3,4,5,0,0]]]]
