[1,["9bszrEtShEQKC2ykcxV+e4@af657","a2xT/9WKVCLL7PyTqZD1+I","9bszrEtShEQKC2ykcxV+e4@5def1","9bszrEtShEQKC2ykcxV+e4@438fe","a35haUZIpKd4iL6QReJeZ7@6c48a","750y9YUBNIspO2vbCDJbyA"],["_parent","node","root","data","_mesh","_skeleton","_defaultClip","mainTexture","_effectAsset"],[["cc.Node",["_name","_layer","_prefab","_lpos","_parent","_children","_lrot","_euler","_components","_lscale"],1,4,5,1,2,5,5,9,5],["cc.UITransform",["node","__prefab","_contentSize"],3,1,4,5],["cc.Prefab",["_name"],2],["cc.Node",["_name","_layer","_children","_prefab","_lpos","_lrot","_euler"],1,12,4,5,5,5],["cc.Node",["_name","_layer","_parent","_children","_prefab","_lpos","_lrot","_euler"],1,1,9,4,5,5,5],["cc.CompPrefabInfo",["fileId"],2],["cc.PrefabInfo",["fileId","instance","targetOverrides","nestedPrefabInstanceRoots","root","asset"],-1,1,1],["cc.SkeletalAnimation",["playOnLoad","node","__prefab","_clips","_defaultClip"],2,1,4,3,6],["cc.SkinnedMeshRenderer",["node","__prefab","_materials","bakeSettings","_skinningRoot","_mesh","_skeleton"],3,1,4,3,4,1,6,6],["cc.ModelBakeSettings",[],3],["cc.UIMeshRenderer",["node","__prefab"],3,1,4],["cc.Skeleton",["_name","_hash","_joints","_bindposes"],0,12],["cc.Mesh",["_native","_hash","_struct"],1,11],["cc.Material",["_name","_states","_defines","_props"],0,12]],[[6,0,1,2,3,4,5,5],[0,0,1,4,2,3,3],[4,0,1,2,3,4,5,6,7,3],[5,0,2],[0,0,1,4,2,3,6,7,3],[0,0,1,4,5,2,3,6,7,3],[2,0,2],[0,0,1,5,8,2,6,7,3],[0,0,1,5,2,3,3],[0,0,1,4,5,8,2,3,6,9,7,3],[0,0,1,4,8,2,3,3],[3,0,1,2,3,4,5,6,3],[1,0,1,2,1],[1,0,1,1],[7,0,1,2,3,4,2],[8,0,1,2,3,4,5,6,1],[9,1],[10,0,1,1],[11,0,1,2,3,4],[12,0,1,2,3],[13,0,1,2,3,4]],[[[[6,"particleItem10"],[7,"particleItem10",8388608,[-3],[[12,-2,[3,"60yPJE6fFBjLi1RvqxcIFK"],[5,0,0]]],[0,"60JULM7WlKPoVKdrsSrFzQ",null,null,null,-1,0],[3,0,-0.13068192640375514,0,-0.9914243461361051],[1,0,15.017999999999974,0]],[11,"身",8388608,[[[4,"左前",8388608,-4,[0,"94jCjPeHNIA6YiltUetMQR",null,null,null,1,0],[1,-0.5923746228218079,-0.276976615190506,-1.2593342065811157],[3,-0.42865283271233984,-2.0275193199879376e-17,1.2077464551507208e-16,0.9034692850383386],[1,-50.76419172675779,3.833360333281553e-15,1.3499710899655737e-14]],[4,"右前",8388608,-5,[0,"44t+rjJ9lEBrPMZ3vp3iaO",null,null,null,1,0],[1,0.5938875079154968,-0.276976615190506,-1.2593342065811157],[3,-0.42865283271233984,-2.0275193199879376e-17,1.2077464551507208e-16,0.9034692850383386],[1,-50.76419172675779,3.833360333281553e-15,1.3499710899655737e-14]],[4,"左后",8388608,-6,[0,"5ePqzedXZDjasp0K6Jr6yx",null,null,null,1,0],[1,-0.5623899102210999,-0.22695502638816833,-0.08779386430978775],[3,-0.8238516502319414,2.9720935764235327e-16,6.932917601157203e-16,0.566805485515187],[1,-110.94447678065329,8.475529234114701e-14,1.6971600374978712e-14]],[4,"右后",8388608,-7,[0,"34sGohwMhIYoL+517kOFo/",null,null,null,1,0],[1,0.5639027953147888,-0.22695502638816833,-0.08779386430978775],[3,-0.8238516502319414,2.9720935764235327e-16,6.932917601157203e-16,0.566805485515187],[1,-110.94447678065329,8.475529234114701e-14,1.6971600374978712e-14]],-8,-9],4,4,4,4,1,1],[0,"30JLIgWslHMK8XK+wUvCdH",null,null,null,1,0],[1,0,0.7092610001564026,0],[3,-6.909112057442286e-17,0.9904465624190243,-0.13789708841138723,-5.2203599799123573e-17],[1,15.85235606910589,-180,-7.016709125771527e-15]],[8,"原颚龟",8388608,[-10,-11,-12,-13,2],[0,"dbOezddw1HI7w44bZLU/lc",null,null,null,1,0],[1,0.0007564442348666489,0,-0.9607312679290771]],[9,"PI13",8388608,1,[3,-15],[[14,true,-14,[3,"23Jz2PCMdf4IAKb8u7ZTvX"],[3],4]],[0,"81yI772Q9OYoYAj/qgyLxC",null,null,null,1,0],[1,22.278,-45.307,-12.874],[3,0.29941822770272214,0.28836570886637725,0.12943593957148825,0.900244567001989],[1,100,100,100],[1,30.541,28.898,23.937000000000005]],[10,"原颚龟_2",8388608,4,[[15,-16,[3,"c1dMPHaO5RSojwb96dw2oa"],[0],[16],4,1,2],[13,-17,[3,"ceoESajVdNCbCCHOhvFTZA"]],[17,-18,[3,"37GkIpiVdOmY1OMw1H4FHR"]]],[0,"7b+9peE51CMITjmPUt17ip",null,null,null,1,0],[1,0,0.7280430793762207,0.48569202423095703]],[2,"左前01",8388608,3,[[1,"关节_2",8388608,-19,[0,"2bvsLHF2VI679FsB0Zrga8",null,null,null,1,0],[1,-1.4210854397564648e-16,0,-0.4634324312210083]]],[0,"2b/qTAK5BPpqmA+uEw33Kp",null,null,null,1,0],[1,1.011310338973999,0.557356059551239,1.6352660655975342],[3,5.713367056606935e-16,0.6481940888640687,0.76147516253761,-4.0592882277282383e-16],[1,-99.18883621723575,-179.99999999999991,7.016711487614952e-15]],[2,"右前01",8388608,3,[[1,"关节_2_2",8388608,-20,[0,"5c2Gd/EXlMbbJELV5BtmZQ",null,null,null,1,0],[1,0,-4.2632563192693945e-16,-0.4634324312210083]]],[0,"84iH3Fsv1EqKf9q+VY9iXM",null,null,null,1,0],[1,-1.012823224067688,0.557356059551239,1.6352660655975342],[3,1.009347352001494e-15,0.6481940888640687,0.76147516253761,-7.787786788883998e-16],[1,-99.18883621723575,-179.99999999999986,7.016712293182643e-15]],[2,"左后01",8388608,3,[[1,"关节_2_3",8388608,-21,[0,"caBnlCt8pORJCMrEs6j04N",null,null,null,1,0],[1,2.8421708795129297e-16,0.027118433266878128,-0.3065563440322876]]],[0,"6dL4aAkoFKRKEPXxZ6rDvX",null,null,null,1,0],[1,0.9759061932563782,0.38123390078544617,0.09596776962280273],[3,2.45246691645142e-16,0.5587845476811076,0.8293128657345308,-9.14102807984389e-17],[1,-112.05643454428679,-179.99999999999997,7.016709273015289e-15]],[2,"右后01",8388608,3,[[1,"关节_2_4",8388608,-22,[0,"9dGSOMli5KLJduXJ1Wtsgt",null,null,null,1,0],[1,0,0.027118433266878128,-0.3065563440322876]]],[0,"26IW+WxGRPbJw/7FzuyF6B",null,null,null,1,0],[1,-0.9774191379547119,0.38123390078544617,0.09596776962280273],[3,2.45246691645142e-16,0.5587845476811076,0.8293128657345308,-9.14102807984389e-17],[1,-112.05643454428679,-179.99999999999997,7.016709273015289e-15]],[5,"脖",8388608,2,[-23],[0,"9cQiuBRhlC/KLCtX4le6AI",null,null,null,1,0],[1,-1.7139068472046446e-16,-2.8421708795129297e-16,-1.7089972496032715],[3,-0.15042150110538685,5.576995718779257e-16,5.2974552568770177e-17,0.9886219560606582],[1,-17.30270789286087,6.40936433882384e-14,-3.611719788655194e-15]],[2,"头",8388608,10,[[1,"关节_3",8388608,-24,[0,"c0+dZ4G8lDsr8kd5eOjFcH",null,null,null,1,0],[1,4.440892164675075e-17,-5.684341759025859e-16,-0.48180603981018066]]],[0,"397Rh3fo1OJbF9/QnqU9Z9",null,null,null,1,0],[1,-0.00476162601262331,-2.8421708795129297e-16,-0.43691664934158325],[3,2.3451377530333955e-16,-0.01350981360177169,1.5095876667049362e-16,0.9999087383038741],[1,2.7104547489527854e-14,-1.548157698898936,1.6933968459778774e-14]],[5,"尾",8388608,2,[-25],[0,"110IS5EMpK/Kze5mVBAtyS",null,null,null,1,0],[1,0.0007564442348666489,-0.04677525907754898,0.1055109053850174],[3,1.3147278954727912e-16,0.9666150921480503,0.25623283090114773,-7.349406390239391e-16],[1,-29.693296905056307,-179.99999999999991,-7.016709062571416e-15]],[5,"关节_1",8388608,12,[-26],[0,"37KnL4pT9AOotqeXN9E21Z",null,null,null,1,0],[1,1.9739129864565954e-19,1.4210854397564648e-16,-0.24976544082164764],[3,0.039781555926622005,9.852955542415593e-32,-3.922764277421918e-33,0.9992084005892149],[1,4.559833764866815,1.1299600123008405e-29,0]],[2,"关节_2_5",8388608,13,[[1,"关节_3_2",8388608,-27,[0,"bfKCAfwWVKlbKNPT6K7lCO",null,null,null,1,0],[1,-3.5472558125956884e-20,4.2632563192693945e-16,-0.5946431159973145]]],[0,"b7xBhvUwFIl5wDWHVQob4u",null,null,null,1,0],[1,3.1634759969963346e-20,-2.8421708795129297e-16,-0.27182847261428833],[3,0.19815659634082852,6.1899308825953725e-31,7.606603415657131e-32,0.9801703746423975],[1,22.858364930889444,6.779760324520317e-29,2.2599201440010772e-29]]],0,[0,2,1,0,1,1,0,-1,4,0,0,2,0,0,2,0,0,2,0,0,2,0,-5,10,0,-6,12,0,-1,6,0,-2,7,0,-3,8,0,-4,9,0,1,4,0,-2,5,0,1,5,0,1,5,0,1,5,0,0,6,0,0,7,0,0,8,0,0,9,0,-1,11,0,0,11,0,-1,13,0,-1,14,0,0,14,0,3,1,2,0,3,3,0,4,27],[0,0,0,0,0],[-1,4,5,-1,6],[1,2,3,0,0]],[[[18,"Skin-0",1713585591,["原颚龟/身","原颚龟/身/左前","原颚龟/左前01","原颚龟/左前01/关节_2","原颚龟/身/右前","原颚龟/右前01","原颚龟/右前01/关节_2_2","原颚龟/身/左后","原颚龟/左后01","原颚龟/左后01/关节_2_3","原颚龟/身/右后","原颚龟/右后01","原颚龟/右后01/关节_2_4","原颚龟/身/脖","原颚龟/身/脖/头","原颚龟/身/脖/头/关节_3","原颚龟/身/尾","原颚龟/身/尾/关节_1","原颚龟/身/尾/关节_1/关节_2_5","原颚龟/身/尾/关节_1/关节_2_5/关节_3_2"],[[[7,-1,-1.776322866575697e-9,-1.1702938618185499e-9,0,-1.3890902872404354e-9,0.9619687795639038,-0.2731594741344452,0,1.6110056622054003e-9,-0.2731594741344452,-0.9619687795639038,0,0.0007564465631730855,-0.3770364820957184,-1.3965445756912231,1],[7,-1,3.053592685427767e-16,-2.235485119228813e-16,0,1.2246468525851679e-16,0.8200337290763855,0.5723152160644531,0,3.580790756359172e-16,0.5723152160644531,-0.8200337290763855,0,0.5931310653686523,0.04298697039484978,-0.16428866982460022,1],[7,-1,5.675249919128269e-16,-3.225113680873211e-17,0,-1.2246468525851679e-16,-0.15968884527683258,0.9871674180030823,0,5.550920305547914e-16,0.9871674180030823,0.15968884527683258,0,1.0120668411254883,-0.2136763483285904,0.13834059238433838,1],[7,-1,5.576382115942378e-16,-3.3850467362046236e-17,0,-1.2246468525851679e-16,-0.15968884527683258,0.9871674180030823,0,5.450767129864566e-16,0.9871674180030823,0.15968884527683258,0,1.0120668411254883,-0.2136763483285904,0.6017730236053467,1],[7,-1,3.053592685427767e-16,-2.235485119228813e-16,0,1.2246468525851679e-16,0.8200337290763855,0.5723152160644531,0,3.580790756359172e-16,0.5723152160644531,-0.8200337290763855,0,-0.5931310653686523,0.04298697039484978,-0.16428866982460022,1],[7,-1,6.798614130534484e-16,2.340342239445179e-16,0,1.2246468525851679e-16,-0.15968884527683258,0.9871674180030823,0,7.085096555163649e-16,0.9871674180030823,0.15968884527683258,0,-1.0120668411254883,-0.2136763483285904,0.13834059238433838,1],[7,-1,6.612318233510965e-16,-1.7092681506783452e-17,0,-1.2246468525851679e-16,-0.15968884527683258,0.9871674180030823,0,6.500169483107719e-16,0.9871674180030823,0.15968884527683258,0,-1.0120668411254883,-0.2136763483285904,0.6017730236053467,1],[7,-1,3.45796224398003e-16,1.5376345263206964e-16,0,1.2246468525851679e-16,-0.08875722438097,0.9960532784461975,0,3.580790756359172e-16,0.9960532784461975,0.08875722438097,0,0.5631463527679443,1.2759264707565308,0.32766488194465637,1],[7,-1,3.0642698004257037e-16,2.562908087270127e-16,0,1.2246468525851679e-16,-0.37551963329315186,0.9268144369125366,0,3.8024320147826327e-16,0.9268144369125366,0.37551963329315186,0,0.9766626954078674,1.1213880777359009,0.8285503387451172,1],[7,-1,1.8322811574213112e-16,-5.37052611058439e-16,0,-5.665538686387998e-16,-0.37551963329315186,0.9268144369125366,0,-3.1855350737960186e-17,0.9268144369125366,0.37551963329315186,0,0.9766626954078674,1.0942696332931519,1.1351066827774048,1],[7,-1,1.1111171737801019e-16,1.3285097678796941e-16,0,1.2246468525851679e-16,-0.08875722438097,0.9960532784461975,0,1.2246468525851679e-16,0.9960532784461975,0.08875722438097,0,-0.5631463527679443,1.2759264707565308,0.32766488194465637,1],[7,-1,1.3354371738992542e-16,1.862432883365604e-16,0,1.2246468525851679e-16,-0.37551963329315186,0.9268144369125366,0,1.9370826911005136e-16,0.9268144369125366,0.37551963329315186,0,-0.9766626954078674,1.1213880777359009,0.8285503387451172,1],[7,-1,-1.1666244339537582e-16,-1.7940345758281253e-16,0,-1.2246468525851679e-16,-0.37551963329315186,0.9268144369125366,0,-1.754939637798705e-16,0.9268144369125366,0.37551963329315186,0,-0.9766626954078674,1.0942696332931519,1.1351066827774048,1],[7,-1,-8.726408178926068e-16,2.652580655126968e-10,0,6.712974794098603e-12,0.9996796250343323,0.02531062625348568,0,-2.651731056957374e-10,0.02531062625348568,-0.9996796250343323,0,0.0007564442930743098,-0.45290401577949524,0.18617497384548187,1],[7,-0.9996349811553955,2.15606664834976e-16,0.02701716125011444,0,0.0006838212721049786,0.9996796250343323,0.025301385670900345,0,-0.027008505538105965,0.02531062625348568,-0.9993147253990173,0,0.02235022373497486,-0.45290401577949524,0.6227151155471802,1],[7,-0.9996349811553955,1.7379767442387537e-16,0.02701716125011444,0,0.0006838212721049786,0.9996796250343323,0.025301385670900345,0,-0.027008505538105965,0.02531062625348568,-0.9993147253990173,0,0.02235022373497486,-0.45290401577949524,1.1045211553573608,1],[7,1,-1.480800997840097e-16,1.9265007349602453e-16,0,-3.3808790694063364e-17,0.7003406882286072,0.7138087749481201,0,-2.406215462357554e-16,-0.7138087749481201,0.7003406882286072,0,-3.7238075049427324e-16,-1.0309481620788574,1.141222596168518,1],[7,1,-1.3233539842088756e-16,2.0356160486211363e-16,0,-3.3614141861039836e-17,0.7548718452453613,0.6558722853660583,0,-2.4045804240715573e-16,-0.6558722853660583,0.7548718452453613,0,-3.7228736511183845e-16,-0.9171013832092285,1.4685457944869995,1],[7,1,-4.296422423714729e-17,2.390051426745982e-16,0,-3.3530365008600465e-17,0.950366735458374,0.31113195419311523,0,-2.4051005552407306e-16,-0.31113195419311523,0.950366735458374,0,-3.7244959839101725e-16,-0.16902342438697815,1.9599511623382568,1],[7,1,-4.296422423714729e-17,2.387545003315497e-16,0,-3.3452388346616316e-17,0.950366735458374,0.31113195419311523,0,-2.40271880447217e-16,-0.31113195419311523,0.950366735458374,0,-3.719623426881092e-16,-0.16902342438697815,2.5545942783355713,1]],8,8,8,8,8,8,8,8,8,8,8,8,8,8,8,8,8,8,8,8]]],0,0,[],[],[]],[[[19,".bin",3414548807,[{"primitives":[{"primitiveMode":7,"jointMapIndex":0,"vertexBundelIndices":[0],"indexView":{"offset":149472,"length":5568,"count":2784,"stride":2}}],"vertexBundles":[{"view":{"offset":0,"length":149472,"count":2076,"stride":72},"attributes":[{"name":"a_position","format":32,"isNormalized":false},{"name":"a_normal","format":32,"isNormalized":false},{"name":"a_texCoord","format":21,"isNormalized":false},{"name":"a_tangent","format":44,"isNormalized":false},{"name":"a_joints","format":42,"isNormalized":false},{"name":"a_weights","format":44,"isNormalized":false}]}],"jointMaps":[[0,1,2,4,5,7,8,10,11,13,14,16,17,18]]},"minPosition",8,[1,-1.3517615795135498,-0.7055626511573792,-2.5015463829040527],"maxPosition",8,[1,1.3517615795135498,1.528647541999817,1.2482609748840332]]],-1],0,0,[],[],[]],[[[20,"particleItem13_0",[{"rasterizerState":{},"depthStencilState":{},"blendState":{"targets":[{}]}},{}],[{"USE_TEXTURE":true},{}],[[[{},"mainTexture",6,0],{}],11,0]]],0,0,[0,0],[7,8],[4,5]]]]
