[1,["69JhbPSZ5GzrDB7YAg+z24@af657","5bo1QrTBxIY5UL8V23svO9","69JhbPSZ5GzrDB7YAg+z24@49b18","69JhbPSZ5GzrDB7YAg+z24@438fe","20LjZQa9NL57WNPjsBfESY@6c48a","750y9YUBNIspO2vbCDJbyA"],["_parent","node","root","data","_mesh","_skeleton","_defaultClip","mainTexture","_effectAsset"],[["cc.Node",["_name","_layer","_prefab","_lpos","_children","_lrot","_euler","_parent","_components","_lscale"],1,4,5,2,5,5,1,9,5],["cc.UITransform",["node","__prefab","_contentSize"],3,1,4,5],["cc.Prefab",["_name"],2],["cc.Node",["_name","_layer","_parent","_children","_prefab","_lpos","_lrot","_euler"],1,1,9,4,5,5,5],["cc.CompPrefabInfo",["fileId"],2],["cc.PrefabInfo",["fileId","instance","targetOverrides","nestedPrefabInstanceRoots","root","asset"],-1,1,1],["cc.SkeletalAnimation",["playOnLoad","node","__prefab","_clips","_defaultClip"],2,1,4,3,6],["cc.SkinnedMeshRenderer",["node","__prefab","_materials","bakeSettings","_skinningRoot","_mesh","_skeleton"],3,1,4,3,4,1,6,6],["cc.ModelBakeSettings",[],3],["cc.UIMeshRenderer",["node","__prefab"],3,1,4],["cc.Material",["_name","_states","_defines","_props"],0,12],["cc.Skeleton",["_name","_hash","_joints","_bindposes"],0,12],["cc.Mesh",["_native","_hash","_struct"],1,11]],[[5,0,1,2,3,4,5,5],[0,0,1,7,4,2,3,5,6,3],[0,0,1,7,2,3,3],[3,0,1,2,3,4,5,6,7,3],[4,0,2],[2,0,2],[0,0,1,4,8,2,5,6,3],[0,0,1,7,4,8,2,3,5,9,6,3],[0,0,1,7,8,2,3,3],[0,0,1,4,2,3,5,6,3],[1,0,1,2,1],[1,0,1,1],[6,0,1,2,3,4,2],[7,0,1,2,3,4,5,6,1],[8,1],[9,0,1,1],[10,0,1,2,3,4],[11,0,1,2,3,4],[12,0,1,2,3]],[[[[5,"particleItem14"],[6,"particleItem14",8388608,[-3],[[10,-2,[4,"60yPJE6fFBjLi1RvqxcIFK"],[5,0,0]]],[0,"dafth/GJdM+YQCc2p+js52",null,null,null,-1,0],[3,0,-0.13068192640375514,0,-0.9914243461361051],[1,0,-344.982,0]],[7,"PI17",8388608,1,[-5,-6],[[12,true,-4,[4,"d8kX9sDNlec71s9oXUBfMM"],[3],4]],[0,"a0Nte1/YlD5qnBde4teJ+J",null,null,null,1,0],[1,-12.327,-128.947,-2.531],[3,0,0.6320360653072089,0,0.7749389731785217],[1,80,80,80],[1,0,78.401,0]],[8,"1",8388608,2,[[13,-7,[4,"22T1jV83ZXrInLdBEoBnYx"],[0],[14],2,1,2],[11,-8,[4,"adtu/I6ZNKUZfSCCAGtYDo"]],[15,-9,[4,"265jRj7TlBfrQB4zslzyaJ"]]],[0,"fczFh/z/tJnoED0ChWeSsd",null,null,null,1,0],[1,0,2.044544219970703,-0.003138707485049963]],[1,"Hips",8388608,2,[-10,-11,-12],[0,"ceEx8Hv7ZPOqQM211CoRQE",null,null,null,1,0],[1,-0.0115499971434474,1.8644906282424927,0.04851207882165909],[3,0.18307885867131513,-0.14635248753638805,-0.052248136178028065,0.9707384885567495],[1,20.139848592460044,-15.560278070681019,-8.918341650865866]],[9,"mixamorig_Spine2",8388608,[-13,-14,-15],[0,"da/tbG7SNBbbhUtRDFpzjn",null,null,null,1,0],[1,4.440891999238953e-18,0.23919515311717987,2.8421708795129297e-16],[3,0.010287972303564949,0.025211243293234174,0.009396127549737931,0.9995850457187521],[1,1.1515722989503803,2.8784664292757323,1.1060607200572352]],[1,"Spine",8388608,4,[-16],[0,"1eVXC503RJXojO4b/AYTRv",null,null,null,1,0],[1,-7.105427198782324e-17,0.17814406752586365,-0.021158747375011444],[3,0.0723214073259383,0.09850833541706207,0.02314684534560688,0.992234823741992],[1,8.002231082645539,11.097998346687637,3.4503016621696996]],[1,"Spine1",8388608,6,[5],[0,"140KOEsWdMA4LnQDiP3DPH",null,null,null,1,0],[1,0,0.20929545164108276,0],[3,0.00998352646068813,0.025537652684858133,0.009610155518304719,0.999577812081516],[1,1.1157092142793987,2.9159952320212565,1.130066824988092]],[1,"mixamorig_Neck",8388608,5,[-17],[0,"84UjQqK7pFLZri4zaQdENP",null,null,null,1,0],[1,5.329070399086743e-17,0.2690941095352173,-4.7183853268961684e-8],[3,-0.005626200087469428,-0.014904559205306863,0.011965747613880062,0.9998014907327915],[1,-0.6243439260722182,-1.7006264754277882,1.380644285955317]],[3,"mixamorig_Head",8388608,8,[[2,"mixamorig_HeadTop_End",8388608,-18,[0,"bc2h4XsXlDyohZwR7F17JT",null,null,null,1,0],[1,0,0.5667822360992432,0.10991740226745605]]],[0,"54Fe/VaaZAKY70c3qleCmv",null,null,null,1,0],[1,-1.4210854397564648e-16,0.14948517084121704,0.028990011662244797],[3,-0.21284382154800147,0.030622521572938766,-0.04075889310353972,0.9757553389217667],[1,-24.497366710916054,2.4411108559282058,-5.3118800017842736]],[1,"mixamorig_LeftShoulder",8388608,5,[-19],[0,"d4l1bKmApBwI4BKN51kIPB",null,null,null,1,0],[1,0.22834114730358124,0.23507548868656158,-0.004892615135759115],[3,-0.5533024064196539,-0.43149039083383084,0.6027380814883466,-0.37997275532863584],[1,109.81215736918021,95.68003492250038,1.1139714138558734]],[1,"mixamorig_LeftArm",8388608,10,[-20],[0,"870Mf6BLhJPqGbqjryomFh",null,null,null,1,0],[1,0,0.4229276478290558,-8.526512638538789e-16],[3,0.37475304918159996,0.20617307239800348,-0.3655268166305333,0.8267060920732408],[1,59.603211033824024,43.50684186671526,-26.733323852497417]],[3,"mixamorig_LeftForeArm",8388608,11,[[2,"mixamorig_LeftHand",8388608,-21,[0,"a6uEyTM+9N26Fxndg8IVbC",null,null,null,1,0],[1,2.842170985392048e-15,0.4341505765914917,-8.810729991187878e-15]]],[0,"6fyaIEwStKLrSmVK5cg9OS",null,null,null,1,0],[1,-2.8421708795129297e-16,0.49573642015457153,-2.8421708795129297e-16],[3,0.0687760926430689,-0.00928415813194525,0.5377141772299115,0.840266098979658],[1,16.93926951267943,-11.995045906920682,64.47122127693376]],[1,"mixamorig_RightShoulder",8388608,5,[-22],[0,"15CfgbwIpL1qi+cSCTK7LL",null,null,null,1,0],[1,-0.22834114730358124,0.2348759025335312,-0.003212184179574251],[3,0.6456765645606146,-0.3430755198498745,0.5631407001920453,0.385062999318493],[1,117.90920393750577,-82.51023017268102,-0.5352851256302662]],[1,"mixamorig_RightArm",8388608,13,[-23],[0,"30R4zNZNhN77budePaeVRW",null,null,null,1,0],[1,8.526512638538789e-16,0.4229276478290558,8.526512638538789e-16],[3,0.2719458967233413,0.13336426164772527,-0.2035357676239942,0.9310384494037861],[1,36.087137248379236,22.15943543205452,-17.846234670417843]],[3,"mixamorig_RightForeArm",8388608,14,[[2,"mixamorig_RightHand",8388608,-24,[0,"b5cvSwcGxBAZ+RGO4FqKWv",null,null,null,1,0],[1,5.684341759025859e-16,0.4342373013496399,-8.526512638538789e-16]]],[0,"29hpi8DyxJ07D5fmNqodeb",null,null,null,1,0],[1,3.552713599391162e-17,0.4962976276874542,-8.526512638538789e-16],[3,0.09742973468580783,0.00752734837196842,-0.7676375290623961,0.6333904086742386],[1,145.65256472622465,138.3094210982694,-76.15861226572687]],[1,"LeftUpLeg",8388608,4,[-25],[0,"bdDvdEIa5K37Nu6PCDJn59",null,null,null,1,0],[1,0.17813527584075928,-0.09886901825666428,-0.04377563297748566],[3,0.10017554338931155,0.5485620431288714,0.8186551827981745,-0.13728888164240285],[1,-111.27626664230178,-161.53420973220798,-6.596675276458012]],[1,"LeftLeg",8388608,16,[-26],[0,"26Tzs9UxFA0pkXufG7a5tr",null,null,null,1,0],[1,-4.618527613034062e-16,0.9661650657653809,0],[3,-0.8645894519190706,0.01316563411291656,-0.01591577565642425,0.5020542139987876],[1,-119.72969972455533,-0.8200593477729651,-2.2205897835567527]],[1,"mixamorig_LeftFoot",8388608,17,[-27],[0,"caPcbP4fBNHb+gxIlO/Klh",null,null,null,1,0],[1,-1.4210854397564648e-16,0.9258999824523926,1.2789769751901572e-15],[3,0.4894514655010051,-0.09055913193649488,0.16783833418342736,0.850921030484239],[1,61.71751995563309,-18.95214810556163,11.360748216630869]],[3,"mixamorig_LeftToeBase",8388608,18,[[2,"mixamorig_LeftToe_End",8388608,-28,[0,"efmBeI6WVOW40SBVVk/1dL",null,null,null,1,0],[1,0,0.10309930890798569,0]]],[0,"c3mBghfvxDQ5E+JGblVdmI",null,null,null,1,0],[1,-5.684341759025859e-16,0.28264522552490234,-1.4210854397564648e-16],[3,0.3932844755589478,-0.02126594663772144,-0.0033091055710255026,0.9191649093705898],[1,46.305541462700944,-2.0917881744805027,-1.3070507647406258]],[1,"RightUpLeg",8388608,4,[-29],[0,"3cREyONXVAXoQaHXNNNMaC",null,null,null,1,0],[1,-0.17813527584075928,-0.09886901825666428,-0.03973879665136337],[3,0.013445242934120964,0.2170669089145286,0.9758461492219535,-0.020627058574104795],[1,-154.88389152988043,-177.98181160071346,-1.9725468483347839]],[1,"RightLeg",8388608,20,[-30],[0,"b1A4XYomdE94zOwS6N9g1w",null,null,null,1,0],[1,-3.55271373174006e-16,0.9663993716239929,-5.329070399086743e-17],[3,-0.4368191244378773,-0.06972867808658022,0.01087563455765178,0.8967768309621926],[1,-51.672884915155365,-6.657632330240419,4.612918961361793]],[1,"RightFoot",8388608,21,[-31],[0,"cdqXbzc7ZNopbCc1YW7DZ6",null,null,null,1,0],[1,1.3500311810035314e-15,0.9259684085845947,3.55271373174006e-16],[3,0.673925023248451,0.15792741928564372,-0.0007120696628029969,0.7217225825995377],[1,84.61904762252263,13.546543440442695,12.229888884763207]],[3,"RightToeBase",8388608,22,[[2,"RightToe_End",8388608,-32,[0,"ccYXklItJAy74c2ORVrl98",null,null,null,1,0],[1,0,0.10115215182304382,2.6645351995433716e-17]]],[0,"3dssiU7iZPZ53DNWuu+6uL",null,null,null,1,0],[1,1.4210854397564648e-16,0.2844865024089813,3.552713599391162e-17],[3,0.4279915634808833,0.042161102790161775,0.0051617952324278585,0.9027840377801798],[1,50.63581221897411,4.116252496612935,2.6026484854419922]]],0,[0,2,1,0,1,1,0,-1,2,0,1,2,0,-1,3,0,-2,4,0,1,3,0,1,3,0,1,3,0,-1,6,0,-2,16,0,-3,20,0,-1,8,0,-2,10,0,-3,13,0,-1,7,0,-1,9,0,0,9,0,-1,11,0,-1,12,0,0,12,0,-1,14,0,-1,15,0,0,15,0,-1,17,0,-1,18,0,-1,19,0,0,19,0,-1,21,0,-1,22,0,-1,23,0,0,23,0,3,1,5,0,7,32],[0,0,0,0,0],[-1,4,5,-1,6],[1,2,3,0,0]],[[[16,"particleItem17_0",[{"rasterizerState":{},"depthStencilState":{},"blendState":{"targets":[{}]}},{}],[{"USE_TEXTURE":true},{}],[[[{},"mainTexture",6,0],{}],11,0]]],0,0,[0,0],[7,8],[4,5]],[[[17,"Skin-0",2734311554,["Hips/Spine/Spine1/mixamorig_Spine2/mixamorig_Neck","Hips/Spine/Spine1/mixamorig_Spine2/mixamorig_Neck/mixamorig_Head","Hips/Spine/Spine1/mixamorig_Spine2","Hips/RightUpLeg","Hips/RightUpLeg/RightLeg","Hips/RightUpLeg/RightLeg/RightFoot","Hips/Spine","Hips/Spine/Spine1","Hips","Hips/LeftUpLeg","Hips/RightUpLeg/RightLeg/RightFoot/RightToeBase","Hips/Spine/Spine1/mixamorig_Spine2/mixamorig_RightShoulder","Hips/Spine/Spine1/mixamorig_Spine2/mixamorig_RightShoulder/mixamorig_RightArm","Hips/Spine/Spine1/mixamorig_Spine2/mixamorig_RightShoulder/mixamorig_RightArm/mixamorig_RightForeArm","Hips/Spine/Spine1/mixamorig_Spine2/mixamorig_RightShoulder/mixamorig_RightArm/mixamorig_RightForeArm/mixamorig_RightHand","Hips/LeftUpLeg/LeftLeg","Hips/LeftUpLeg/LeftLeg/mixamorig_LeftFoot","Hips/LeftUpLeg/LeftLeg/mixamorig_LeftFoot/mixamorig_LeftToeBase","Hips/Spine/Spine1/mixamorig_Spine2/mixamorig_LeftShoulder","Hips/Spine/Spine1/mixamorig_Spine2/mixamorig_LeftShoulder/mixamorig_LeftArm","Hips/Spine/Spine1/mixamorig_Spine2/mixamorig_LeftShoulder/mixamorig_LeftArm/mixamorig_LeftForeArm","Hips/Spine/Spine1/mixamorig_Spine2/mixamorig_LeftShoulder/mixamorig_LeftArm/mixamorig_LeftForeArm/mixamorig_LeftHand"],[[[7,1,-3.191891195797325e-16,6.983996714282625e-15,0,3.191891195797325e-16,1,4.746203430272544e-15,0,-6.983996714282625e-15,-4.746203430272544e-15,1,0,-7.407047425667904e-16,-1.0357580184936523,0.07079330831766129,1],[7,1,-3.1561125241053034e-16,-9.194034422677078e-17,0,3.1561125241053034e-16,1,3.3306690738754696e-16,0,9.194034422677078e-17,-3.3306690738754696e-16,1,0,-3.229373991900104e-16,-1.1852431297302246,0.04180330038070679,1],[7,1,-4.728810243975388e-16,1.0217262961541706e-17,0,4.683753385137379e-16,0.993020236492157,0.11794413626194,0,-6.591949208711867e-17,-0.11794413626194,0.993020236492157,0,-3.4762973309145333e-16,-0.7677841782569885,-0.0518624410033226,1],[7,-0.9991626739501953,-0.04091460630297661,2.3472032394051635e-17,0,0.04084541276097298,-0.997472882270813,-0.05813395604491234,0,0.002378528006374836,-0.058085277676582336,0.9983087778091431,0,-0.17986063659191132,0.03848849982023239,0.007414333056658506,1],[7,-0.9999780654907227,-0.006620177999138832,0.00029195830575190485,0,0.006615405902266502,-0.9998787641525269,-0.014094528742134571,0,0.0003852312220260501,-0.014092287980020046,0.9999006390571594,0,-0.21157535910606384,-0.9199760556221008,0.04799365997314453,1],[7,-0.9542124271392822,-0.23294509947299957,-0.18765726685523987,0,0.01053114328533411,-0.6531159281730652,0.7571846842765808,0,-0.2989444136619568,0.7205387949943542,0.6256645321846008,0,-0.2162402868270874,-1.2029850482940674,1.4002305269241333,1],[7,1,-6.371692187412677e-17,6.580262801017718e-17,0,5.551115123125783e-17,0.993020236492157,0.11794427037239075,0,-7.28583859910259e-17,-0.11794427037239075,0.993020236492157,0,-3.7166813108783635e-18,-0.3192935585975647,-0.051862508058547974,1],[7,1,-8.309474607136962e-17,-6.3755913513841295e-18,0,8.326672684688674e-17,0.993020236492157,0.11794413626194,0,-3.469446951953614e-18,-0.11794413626194,0.993020236492157,0,-2.195751597766502e-17,-0.5285890102386475,-0.0518624410033226,1],[7,1,1.3877787807814457e-17,-1.6202317265623378e-15,0,-1.3877787807814457e-17,1,1.0269562977782698e-15,0,1.6202317265623378e-15,-1.0269562977782698e-15,1,0,-7.368964956708249e-17,-0.14503775537014008,-0.03500042110681534,1],[7,-0.9991622567176819,0.04092453047633171,-1.6432958232567804e-18,0,-0.04086524248123169,-0.9977147579193115,-0.05380759388208389,0,-0.0022020505275577307,-0.053762517869472504,0.9985513091087341,0,0.1798534244298935,0.03830135241150856,0.011246727779507637,1],[7,-0.9478908181190491,-0.3182332217693329,-0.015185236930847168,0,-0.013105565682053566,-0.008675136603415012,0.9998764991760254,0,-0.31832563877105713,0.9479727745056152,0.004052456002682447,0,-0.2598358392715454,-0.23416097462177277,2.0242605209350586,1],[7,-0.013482893817126751,-0.9892635941505432,0.14551874995231628,0,0.11849651485681534,-0.14608724415302277,-0.9821492433547974,0,0.9928629398345947,0.0040012504905462265,0.11919397115707397,0,-0.05229310691356659,-0.07931797206401825,1.025089144706726,1],[7,-0.09176933020353317,-0.9873778820037842,0.12908658385276794,0,0.1065574660897255,-0.13862653076648712,-0.9845954179763794,0,0.9900625944137573,-0.07660052180290222,0.11793414503335953,0,-0.0918961614370346,-0.5135377049446106,1.016674518585205,1],[7,0.13263823091983795,-0.9882042407989502,-0.07654694467782974,0,0.13500423729419708,0.09452193975448608,-0.9863262176513672,0,0.9819271564483643,0.1204904094338417,0.14594899117946625,0,0.1375652253627777,-1.1928588151931763,0.7874026894569397,1],[7,0.13263823091983795,-0.9882042407989502,-0.07654694467782974,0,0.13500423729419708,0.09452193975448608,-0.9863262176513672,0,0.9819271564483643,0.1204904094338417,0.14594899117946625,0,0.1375652253627777,-1.627096176147461,0.7874026894569397,1],[7,-0.9999780058860779,0.006620681378990412,-0.0003092456900049001,0,-0.0066182976588606834,-0.999952495098114,-0.007159434258937836,0,-0.00035663132439367473,-0.007157230284065008,0.9999743103981018,0,0.2115744948387146,-0.9196205139160156,0.05421358719468117,1],[7,-0.9526076316833496,0.234462708234787,0.19381943345069885,0,-0.008483709767460823,-0.6573693752288818,0.7535207271575928,0,0.3040834665298462,0.71616530418396,0.6282042264938354,0,0.21803627908229828,-1.2161988019943237,1.3881531953811646,1],[7,-0.9500007033348083,0.31222304701805115,0.00392729789018631,0,0.0013374722329899669,-0.00850850809365511,0.9999629259109497,0,0.31224489212036133,0.9499707221984863,0.007665499113500118,0,0.23610924184322357,-0.23615309596061707,2.0271968841552734,1],[7,-0.021427804604172707,0.9892635941505432,-0.14456294476985931,0,-0.11791132390499115,-0.14608760178089142,-0.9822195768356323,0,-0.9927929043769836,-0.004001201596111059,0.11977571249008179,0,0.05184609815478325,-0.0798841342329979,1.0251847505569458,1],[7,-0.07569184899330139,0.9884954690933228,-0.13094811141490936,0,-0.10971548408269882,-0.138783797621727,-0.984226405620575,0,-0.9910768270492554,-0.060130879282951355,0.11895806342363358,0,0.0793650820851326,-0.5132938623428345,1.0182054042816162,1],[7,0.13109424710273743,0.9884016513824463,0.07665852457284927,0,-0.13612814247608185,0.09454046934843063,-0.9861699938774109,0,-0.9819793701171875,0.11884582042694092,0.14694298803806305,0,-0.13176247477531433,-1.1936460733413696,0.7867850661277771,1],[7,0.13109424710273743,0.9884016513824463,0.07665852457284927,0,-0.13612814247608185,0.09454046934843063,-0.9861699938774109,0,-0.9819793701171875,0.11884582042694092,0.14694298803806305,0,-0.13176247477531433,-1.6277966499328613,0.7867850661277771,1]],8,8,8,8,8,8,8,8,8,8,8,8,8,8,8,8,8,8,8,8,8,8]]],0,0,[],[],[]],[[[18,".bin",847167588,[{"primitives":[{"primitiveMode":7,"jointMapIndex":0,"vertexBundelIndices":[0],"indexView":{"offset":228096,"length":9336,"count":4668,"stride":2}}],"vertexBundles":[{"view":{"offset":0,"length":228096,"count":3168,"stride":72},"attributes":[{"name":"a_position","format":32,"isNormalized":false},{"name":"a_normal","format":32,"isNormalized":false},{"name":"a_texCoord","format":21,"isNormalized":false},{"name":"a_tangent","format":44,"isNormalized":false},{"name":"a_joints","format":42,"isNormalized":false},{"name":"a_weights","format":44,"isNormalized":false}]}],"jointMaps":[[0,1,2,3,4,5,6,7,8,9,10,11,12,13,14,15,16,17,18,19,20,21]]},"minPosition",8,[1,-2.010892868041992,-2.0325543880462646,-0.3257633149623871],"maxPosition",8,[1,2.010892868041992,1.781238317489624,0.3257633149623871]]],-1],0,0,[],[],[]]]]
